Qmin	Rr
9640.030006	0.099101367
9888.542509	0.099121374
9645.90038	0.09914138
9902.240048	0.0992014
9195.838368	0.099281427
9201.708742	0.09932144
9438.480496	0.099341447
8980.591318	0.099361454
9933.54871	0.09938146
9688.94979	0.099401467
9217.363073	0.099421474
8771.214643	0.09944148
9698.733747	0.099461487
8998.20244	0.099481494
9229.103821	0.099501501
9004.072815	0.099521507
8360.288458	0.099541514
9009.943189	0.099561521
8790.782557	0.099581527
8577.492298	0.099601534
8166.566113	0.099621541
7970.886977	0.099641547
8585.319464	0.099661554
8804.480096	0.099681561
7784.991798	0.099701567
7786.94859	0.099721574
8385.726745	0.099741581
7984.584517	0.099761587
8186.134027	0.099781594
7248.830966	0.099801601
7250.787758	0.099821607
7800.646129	0.099841614
7614.75095	0.099861621
7616.707742	0.099881627
7618.664533	0.099901634
7260.571714	0.099921641
7262.528506	0.099941647
7264.485297	0.099961654
7816.30046	0.099981661
6763.546709	0.100001667
7448.423685	0.100021674
7450.380476	0.100041681
7452.337267	0.100061687
7454.294059	0.100081694
6612.873775	0.100101701
7105.985197	0.100121707
6775.287457	0.100141714
7109.89878	0.100161721
7111.855571	0.100181727
6466.114423	0.100201734
6622.657732	0.100221741
6624.614523	0.100241747
6785.071414	0.100261754
6787.028206	0.100281761
6953.355471	0.100301767
6630.484897	0.100321774
6632.441688	0.100341781
6327.182236	0.100361787
6039.533907	0.100381794
6481.768754	0.100401801
6638.312062	0.100421807
6640.268854	0.100441814
6485.682336	0.100461821
6487.639128	0.100481827
6047.361072	0.100501834
6338.922985	0.100521841
6340.879776	0.100541847
5777.323865	0.100561854
6196.077215	0.100581861
6344.793359	0.100601867
5916.256051	0.100621874
6199.990798	0.100641881
5652.089218	0.100661887
5920.169634	0.100681894
5654.046009	0.100701901
5787.107822	0.100721907
5528.811362	0.100741914
6064.972194	0.100761921
5530.768154	0.100781927
5659.916383	0.100801934
5792.978196	0.100821941
5409.447089	0.100841947
5794.934987	0.100861954
5411.403881	0.100881961
5665.786757	0.100901967
5798.84857	0.100921974
5667.743549	0.100941981
5540.55211	0.100961987
5669.70034	0.100981994
5178.545709	0.101002001
5419.231046	0.101022007
5180.502501	0.101042014
5421.187838	0.101062021
5182.459292	0.101082027
5423.144629	0.101102034
5184.416083	0.101122041
5425.10142	0.101142047
5186.372875	0.101162054
5427.058212	0.101182061
4961.341868	0.101202067
5307.693939	0.101222074
5074.835767	0.101242081
5190.286457	0.101262087
5076.792559	0.101282094
5192.243249	0.101302101
4857.631926	0.101322107
4967.212242	0.101342114
4859.588718	0.101362121
5196.156831	0.101382127
4755.878776	0.101402134
5082.662933	0.101422141
4971.125825	0.101442147
4863.5023	0.101462154
4973.082617	0.101482161
4656.082416	0.101502167
4759.792358	0.101522174
4658.039208	0.101542181
4867.415883	0.101562187
4976.996199	0.101582194
4659.995999	0.101602201
4763.705941	0.101622207
4763.705941	0.101642214
4661.952791	0.101662221
4765.662733	0.101682227
4663.909582	0.101702234
4663.909582	0.101722241
4564.113223	0.101742247
4665.866373	0.101762254
4769.576315	0.101782261
4566.070014	0.101802267
4667.823165	0.101822274
4470.187237	0.101842281
4376.261252	0.101862287
4669.779956	0.101882294
4472.144029	0.101902301
4378.218044	0.101922307
4286.24885	0.101942314
4474.10082	0.101962321
4571.940388	0.101982327
4380.174835	0.102002334
4476.057612	0.102022341
4476.057612	0.102042347
4200.15003	0.102062354
4290.162432	0.102082361
4478.014403	0.102102367
4384.088418	0.102122374
4202.106821	0.102142381
4292.119224	0.102162387
4116.008002	0.102182394
4386.045209	0.102202401
4294.076015	0.102222407
4117.964793	0.102242414
4117.964793	0.102262421
4206.020404	0.102282427
4033.822765	0.102302434
4119.921584	0.102322441
4119.921584	0.102342447
4207.977195	0.102362454
4035.779556	0.102382461
4121.878376	0.102402467
4121.878376	0.102422474
4209.933987	0.102442481
4037.736347	0.102462487
3955.55111	0.102482494
4123.835167	0.102502501
4039.693139	0.102522508
4039.693139	0.102542514
3957.507902	0.102562521
3877.279456	0.102582528
3877.279456	0.102602534
4041.64993	0.102622541
4041.64993	0.102642548
3959.464693	0.102662554
3879.236247	0.102682561
4043.606721	0.102702568
3961.421484	0.102722574
3961.421484	0.102742581
3802.921384	0.102762588
3881.193039	0.102782594
3881.193039	0.102802601
3963.378276	0.102822608
3728.563313	0.102842614
3883.14983	0.102862621
3804.878176	0.102882628
3804.878176	0.102902634
3885.106621	0.102922641
3885.106621	0.102942648
3730.520104	0.102962654
3806.834967	0.102982661
3806.834967	0.103002668
3658.118824	0.103022674
3658.118824	0.103042681
3658.118824	0.103062688
3732.476895	0.103082694
3732.476895	0.103102701
3587.674335	0.103122708
3587.674335	0.103142714
3587.674335	0.103162721
3660.075615	0.103182728
3734.433687	0.103202734
3660.075615	0.103222741
3519.186637	0.103242748
3519.186637	0.103262754
3589.631126	0.103282761
3662.032406	0.103302768
3662.032406	0.103322774
3521.143429	0.103342781
3521.143429	0.103362788
3521.143429	0.103382794
3591.587918	0.103402801
3591.587918	0.103422808
3591.587918	0.103442814
3454.612523	0.103462821
3454.612523	0.103482828
3454.612523	0.103502834
3523.10022	0.103522841
3523.10022	0.103542848
3523.10022	0.103562854
3390.038408	0.103582861
3390.038408	0.103602868
3390.038408	0.103622874
3390.038408	0.103642881
3456.569314	0.103662888
3456.569314	0.103682894
3456.569314	0.103702901
3327.421084	0.103722908
3327.421084	0.103742914
3327.421084	0.103762921
3327.421084	0.103782928
3391.995199	0.103802934
3391.995199	0.103822941
3391.995199	0.103842948
3391.995199	0.103862954
3393.95199	0.103882961
3393.95199	0.103902968
3393.95199	0.103922974
3329.377876	0.103942981
3329.377876	0.103962988
3266.760552	0.103982994
3206.10002	0.104003001
3206.10002	0.104023008
3206.10002	0.104043014
3206.10002	0.104063021
3331.334667	0.104083028
3268.717343	0.104103034
3268.717343	0.104123041
3268.717343	0.104143048
3268.717343	0.104163054
3268.717343	0.104183061
3208.056811	0.104203068
3208.056811	0.104223074
3149.353071	0.104243081
3149.353071	0.104263088
3149.353071	0.104283094
3149.353071	0.104303101
3149.353071	0.104323108
3092.606121	0.104343114
3092.606121	0.104363121
3092.606121	0.104383128
3210.013603	0.104403134
3092.606121	0.104423141
3092.606121	0.104443148
3151.309862	0.104463154
3151.309862	0.104483161
3151.309862	0.104503168
3037.815963	0.104523174
3037.815963	0.104543181
3037.815963	0.104563188
3037.815963	0.104583194
3094.562913	0.104603201
3094.562913	0.104623208
3094.562913	0.104643214
3094.562913	0.104663221
3094.562913	0.104683228
2984.982597	0.104703234
2984.982597	0.104723241
2984.982597	0.104743248
2984.982597	0.104763254
2984.982597	0.104783261
2984.982597	0.104803268
3039.772755	0.104823274
3039.772755	0.104843281
3039.772755	0.104863288
3039.772755	0.104883294
2932.14923	0.104903301
2932.14923	0.104923308
2932.14923	0.104943314
2986.939388	0.104963321
2986.939388	0.104983328
2986.939388	0.105003334
2986.939388	0.105023341
2986.939388	0.105043348
2986.939388	0.105063354
2934.106021	0.105083361
2934.106021	0.105103368
2934.106021	0.105123374
2934.106021	0.105143381
2934.106021	0.105163388
2934.106021	0.105183394
2934.106021	0.105203401
2883.229446	0.105223408
2883.229446	0.105243414
2883.229446	0.105263421
2883.229446	0.105283428
2883.229446	0.105303434
2883.229446	0.105323441
2883.229446	0.105343448
2883.229446	0.105363454
2785.389878	0.105383461
2785.389878	0.105403468
2785.389878	0.105423474
2785.389878	0.105443481
2785.389878	0.105463488
2785.389878	0.105483494
2785.389878	0.105503501
2785.389878	0.105523508
2834.309662	0.105543515
2834.309662	0.105563521
2738.426885	0.105583528
2738.426885	0.105603535
2738.426885	0.105623541
2738.426885	0.105643548
2738.426885	0.105663555
2738.426885	0.105683561
2738.426885	0.105703568
2738.426885	0.105723575
2738.426885	0.105743581
2693.420684	0.105763588
2693.420684	0.105783595
2693.420684	0.105803601
2693.420684	0.105823608
2693.420684	0.105843615
2693.420684	0.105863621
2693.420684	0.105883628
2693.420684	0.105903635
2693.420684	0.105923641
2693.420684	0.105943648
2693.420684	0.105963655
2693.420684	0.105983661
2693.420684	0.106003668
2693.420684	0.106023675
2693.420684	0.106043681
2693.420684	0.106063688
2693.420684	0.106083695
2693.420684	0.106103701
2693.420684	0.106123708
2693.420684	0.106143715
2605.365073	0.106163721
2605.365073	0.106183728
2605.365073	0.106203735
2605.365073	0.106223741
2605.365073	0.106243748
2605.365073	0.106263755
2650.371274	0.106283761
2650.371274	0.106303768
2650.371274	0.106323775
2650.371274	0.106343781
2564.272454	0.106363788
2564.272454	0.106383795
2564.272454	0.106403801
2564.272454	0.106423808
2564.272454	0.106443815
2564.272454	0.106463821
2564.272454	0.106483828
2564.272454	0.106503835
2564.272454	0.106523841
2564.272454	0.106543848
2564.272454	0.106563855
2564.272454	0.106583861
2564.272454	0.106603868
2564.272454	0.106623875
2564.272454	0.106643881
2564.272454	0.106663888
2564.272454	0.106683895
2564.272454	0.106703901
2564.272454	0.106723908
2564.272454	0.106743915
2564.272454	0.106763921
2484.044009	0.106783928
2484.044009	0.106803935
2484.044009	0.106823941
2484.044009	0.106843948
2484.044009	0.106863955
2484.044009	0.106883961
2484.044009	0.106903968
2484.044009	0.106923975
2484.044009	0.106943981
2484.044009	0.106963988
2484.044009	0.106983995
2484.044009	0.107004001
2484.044009	0.107024008
2484.044009	0.107044015
2484.044009	0.107064021
2484.044009	0.107084028
2484.044009	0.107104035
2484.044009	0.107124041
2484.044009	0.107144048
2484.044009	0.107164055
2484.044009	0.107184061
2484.044009	0.107204068
2484.044009	0.107224075
2407.729146	0.107244081
2407.729146	0.107264088
2407.729146	0.107284095
2407.729146	0.107304101
2407.729146	0.107324108
2407.729146	0.107344115
2407.729146	0.107364121
2407.729146	0.107384128
2407.729146	0.107404135
2407.729146	0.107424141
2407.729146	0.107444148
2407.729146	0.107464155
2407.729146	0.107484161
2407.729146	0.107504168
2407.729146	0.107524175
2407.729146	0.107544181
2407.729146	0.107564188
2407.729146	0.107584195
2407.729146	0.107604201
2407.729146	0.107624208
2407.729146	0.107644215
2407.729146	0.107664221
2335.327866	0.107684228
2335.327866	0.107704235
2335.327866	0.107724241
2335.327866	0.107744248
2335.327866	0.107764255
2335.327866	0.107784261
2335.327866	0.107804268
2335.327866	0.107824275
2335.327866	0.107844281
2335.327866	0.107864288
2335.327866	0.107884295
2335.327866	0.107904301
2335.327866	0.107924308
2335.327866	0.107944315
2335.327866	0.107964321
2335.327866	0.107984328
2335.327866	0.108004335
2335.327866	0.108024341
2335.327866	0.108044348
2335.327866	0.108064355
2335.327866	0.108084361
2335.327866	0.108104368
2335.327866	0.108124375
2300.105621	0.108144381
2266.840168	0.108164388
2266.840168	0.108184395
2266.840168	0.108204401
2266.840168	0.108224408
2266.840168	0.108244415
2266.840168	0.108264421
2266.840168	0.108284428
2266.840168	0.108304435
2266.840168	0.108324441
2266.840168	0.108344448
2266.840168	0.108364455
2266.840168	0.108384461
2266.840168	0.108404468
2266.840168	0.108424475
2266.840168	0.108444481
2266.840168	0.108464488
2266.840168	0.108484495
2266.840168	0.108504502
2266.840168	0.108524508
2266.840168	0.108544515
2266.840168	0.108564522
2266.840168	0.108584528
2266.840168	0.108604535
2233.574715	0.108624542
2233.574715	0.108644548
2202.266053	0.108664555
2202.266053	0.108684562
2202.266053	0.108704568
2202.266053	0.108724575
2202.266053	0.108744582
2202.266053	0.108764588
2202.266053	0.108784595
2233.574715	0.108804602
2233.574715	0.108824608
2233.574715	0.108844615
2202.266053	0.108864622
2202.266053	0.108884628
2202.266053	0.108904635
2202.266053	0.108924642
2170.957391	0.108944648
2170.957391	0.108964655
2170.957391	0.108984662
2170.957391	0.109004668
2170.957391	0.109024675
2170.957391	0.109044682
2170.957391	0.109064688
2170.957391	0.109084695
2170.957391	0.109104702
2170.957391	0.109124708
2170.957391	0.109144715
2170.957391	0.109164722
2170.957391	0.109184728
2170.957391	0.109204735
2170.957391	0.109224742
2170.957391	0.109244748
2170.957391	0.109264755
2170.957391	0.109284762
2170.957391	0.109304768
2170.957391	0.109324775
2170.957391	0.109344782
2170.957391	0.109364788
2139.64873	0.109384795
2139.64873	0.109404802
2139.64873	0.109424808
2112.253651	0.109444815
2112.253651	0.109464822
2112.253651	0.109484828
2139.64873	0.109504835
2139.64873	0.109524842
2139.64873	0.109544848
2139.64873	0.109564855
2139.64873	0.109584862
2139.64873	0.109604868
2139.64873	0.109624875
2110.296859	0.109644882
2110.296859	0.109664888
2110.296859	0.109684895
2082.90178	0.109704902
2082.90178	0.109724908
2082.90178	0.109744915
2082.90178	0.109764922
2082.90178	0.109784928
2082.90178	0.109804935
2082.90178	0.109824942
2082.90178	0.109844948
2082.90178	0.109864955
2110.296859	0.109884962
2082.90178	0.109904968
2082.90178	0.109924975
2082.90178	0.109944982
2082.90178	0.109964988
2055.506701	0.109984995
2055.506701	0.110005002
2055.506701	0.110025008
2055.506701	0.110045015
2055.506701	0.110065022
2055.506701	0.110085028
2055.506701	0.110105035
2055.506701	0.110125042
2055.506701	0.110145048
2055.506701	0.110165055
2055.506701	0.110185062
2055.506701	0.110205068
2053.54991	0.110225075
2053.54991	0.110245082
2028.111622	0.110265088
2028.111622	0.110285095
2028.111622	0.110305102
2028.111622	0.110325108
2028.111622	0.110345115
2028.111622	0.110365122
2028.111622	0.110385128
2053.54991	0.110405135
2053.54991	0.110425142
2053.54991	0.110445148
2028.111622	0.110465155
2028.111622	0.110485162
2028.111622	0.110505168
2028.111622	0.110525175
2028.111622	0.110545182
2028.111622	0.110565188
2000.716543	0.110585195
2000.716543	0.110605202
2000.716543	0.110625208
2000.716543	0.110645215
2000.716543	0.110665222
2000.716543	0.110685228
2000.716543	0.110705235
2000.716543	0.110725242
2000.716543	0.110745248
2000.716543	0.110765255
2000.716543	0.110785262
2000.716543	0.110805268
2000.716543	0.110825275
2000.716543	0.110845282
2000.716543	0.110865288
2000.716543	0.110885295
2000.716543	0.110905302
2000.716543	0.110925308
2000.716543	0.110945315
2000.716543	0.110965322
1975.278256	0.110985328
1975.278256	0.111005335
1975.278256	0.111025342
1975.278256	0.111045348
1975.278256	0.111065355
1975.278256	0.111085362
1975.278256	0.111105368
1975.278256	0.111125375
1975.278256	0.111145382
1975.278256	0.111165388
1975.278256	0.111185395
1975.278256	0.111205402
1975.278256	0.111225408
1975.278256	0.111245415
1975.278256	0.111265422
1975.278256	0.111285428
1949.839968	0.111305435
1949.839968	0.111325442
1949.839968	0.111345448
1949.839968	0.111365455
1949.839968	0.111385462
1949.839968	0.111405468
1949.839968	0.111425475
1949.839968	0.111445482
1949.839968	0.111465488
1949.839968	0.111485495
1949.839968	0.111505502
1949.839968	0.111525509
1926.358472	0.111545515
1926.358472	0.111565522
1926.358472	0.111585529
1926.358472	0.111605535
1926.358472	0.111625542
1926.358472	0.111645549
1926.358472	0.111665555
1926.358472	0.111685562
1926.358472	0.111705569
1926.358472	0.111725575
1902.876975	0.111745582
1902.876975	0.111765589
1902.876975	0.111785595
1902.876975	0.111805602
1902.876975	0.111825609
1902.876975	0.111845615
1902.876975	0.111865622
1902.876975	0.111885629
1902.876975	0.111905635
1902.876975	0.111925642
1902.876975	0.111945649
1902.876975	0.111965655
1902.876975	0.111985662
1902.876975	0.112005669
1902.876975	0.112025675
1902.876975	0.112045682
1902.876975	0.112065689
1879.395479	0.112085695
1879.395479	0.112105702
1879.395479	0.112125709
1879.395479	0.112145715
1879.395479	0.112165722
1879.395479	0.112185729
1879.395479	0.112205735
1879.395479	0.112225742
1879.395479	0.112245749
1879.395479	0.112265755
1879.395479	0.112285762
1879.395479	0.112305769
1879.395479	0.112325775
1879.395479	0.112345782
1879.395479	0.112365789
1857.870774	0.112385795
1857.870774	0.112405802
1857.870774	0.112425809
1857.870774	0.112445815
1857.870774	0.112465822
1857.870774	0.112485829
1857.870774	0.112505835
1857.870774	0.112525842
1857.870774	0.112545849
1857.870774	0.112565855
1857.870774	0.112585862
1857.870774	0.112605869
1857.870774	0.112625875
1857.870774	0.112645882
1855.913983	0.112665889
1855.913983	0.112685895
1836.346069	0.112705902
1836.346069	0.112725909
1836.346069	0.112745915
1836.346069	0.112765922
1836.346069	0.112785929
1855.913983	0.112805935
1855.913983	0.112825942
1855.913983	0.112845949
1855.913983	0.112865955
1836.346069	0.112885962
1836.346069	0.112905969
1836.346069	0.112925975
1834.389278	0.112945982
1834.389278	0.112965989
1834.389278	0.112985995
1834.389278	0.113006002
1834.389278	0.113026009
1814.821364	0.113046015
1814.821364	0.113066022
1814.821364	0.113086029
1814.821364	0.113106035
1814.821364	0.113126042
1814.821364	0.113146049
1834.389278	0.113166055
1834.389278	0.113186062
1814.821364	0.113206069
1814.821364	0.113226075
1814.821364	0.113246082
1814.821364	0.113266089
1814.821364	0.113286095
1814.821364	0.113306102
1814.821364	0.113326109
1814.821364	0.113346115
1814.821364	0.113366122
1795.253451	0.113386129
1795.253451	0.113406135
1812.864573	0.113426142
1812.864573	0.113446149
1812.864573	0.113466155
1812.864573	0.113486162
1812.864573	0.113506169
1812.864573	0.113526175
1793.296659	0.113546182
1793.296659	0.113566189
1793.296659	0.113586195
1793.296659	0.113606202
1793.296659	0.113626209
1793.296659	0.113646215
1793.296659	0.113666222
1793.296659	0.113686229
1793.296659	0.113706235
1793.296659	0.113726242
1793.296659	0.113746249
1793.296659	0.113766255
1793.296659	0.113786262
1793.296659	0.113806269
1793.296659	0.113826275
1773.728746	0.113846282
1773.728746	0.113866289
1773.728746	0.113886295
1773.728746	0.113906302
1773.728746	0.113926309
1773.728746	0.113946315
1773.728746	0.113966322
1773.728746	0.113986329
1773.728746	0.114006335
1773.728746	0.114026342
1773.728746	0.114046349
1773.728746	0.114066355
1773.728746	0.114086362
1773.728746	0.114106369
1773.728746	0.114126375
1773.728746	0.114146382
1754.160832	0.114166389
1754.160832	0.114186395
1754.160832	0.114206402
1754.160832	0.114226409
1754.160832	0.114246415
1754.160832	0.114266422
1754.160832	0.114286429
1754.160832	0.114306435
1754.160832	0.114326442
1754.160832	0.114346449
1754.160832	0.114366455
1754.160832	0.114386462
1754.160832	0.114406469
1736.54971	0.114426475
1736.54971	0.114446482
1736.54971	0.114466489
1736.54971	0.114486495
1736.54971	0.114506502
1736.54971	0.114526509
1736.54971	0.114546516
1736.54971	0.114566522
1736.54971	0.114586529
1736.54971	0.114606536
1736.54971	0.114626542
1734.592919	0.114646549
1734.592919	0.114666556
1734.592919	0.114686562
1734.592919	0.114706569
1734.592919	0.114726576
1734.592919	0.114746582
1734.592919	0.114766589
1734.592919	0.114786596
1734.592919	0.114806602
1734.592919	0.114826609
1734.592919	0.114846616
1734.592919	0.114866622
1734.592919	0.114886629
1734.592919	0.114906636
1734.592919	0.114926642
1716.981796	0.114946649
1716.981796	0.114966656
1716.981796	0.114986662
1716.981796	0.115006669
1716.981796	0.115026676
1716.981796	0.115046682
1716.981796	0.115066689
1716.981796	0.115086696
1716.981796	0.115106702
1716.981796	0.115126709
1716.981796	0.115146716
1716.981796	0.115166722
1716.981796	0.115186729
1716.981796	0.115206736
1716.981796	0.115226742
1699.370674	0.115246749
1699.370674	0.115266756
1699.370674	0.115286762
1699.370674	0.115306769
1699.370674	0.115326776
1699.370674	0.115346782
1699.370674	0.115366789
1699.370674	0.115386796
1699.370674	0.115406802
1699.370674	0.115426809
1699.370674	0.115446816
1699.370674	0.115466822
1699.370674	0.115486829
1699.370674	0.115506836
1699.370674	0.115526842
1699.370674	0.115546849
1699.370674	0.115566856
1699.370674	0.115586862
1699.370674	0.115606869
1699.370674	0.115626876
1681.759552	0.115646882
1681.759552	0.115666889
1681.759552	0.115686896
1681.759552	0.115706902
1681.759552	0.115726909
1681.759552	0.115746916
1681.759552	0.115766922
1681.759552	0.115786929
1681.759552	0.115806936
1681.759552	0.115826942
1681.759552	0.115846949
1681.759552	0.115866956
1681.759552	0.115886962
1681.759552	0.115906969
1666.105221	0.115926976
1666.105221	0.115946982
1666.105221	0.115966989
1666.105221	0.115986996
1666.105221	0.116007002
1666.105221	0.116027009
1666.105221	0.116047016
1666.105221	0.116067022
1666.105221	0.116087029
1666.105221	0.116107036
1666.105221	0.116127042
1666.105221	0.116147049
1666.105221	0.116167056
1666.105221	0.116187062
1666.105221	0.116207069
1664.14843	0.116227076
1664.14843	0.116247082
1664.14843	0.116267089
1664.14843	0.116287096
1650.45089	0.116307102
1650.45089	0.116327109
1664.14843	0.116347116
1664.14843	0.116367122
1664.14843	0.116387129
1664.14843	0.116407136
1664.14843	0.116427142
1648.494099	0.116447149
1648.494099	0.116467156
1648.494099	0.116487162
1648.494099	0.116507169
1648.494099	0.116527176
1648.494099	0.116547182
1648.494099	0.116567189
1648.494099	0.116587196
1648.494099	0.116607202
1648.494099	0.116627209
1648.494099	0.116647216
1648.494099	0.116667222
1648.494099	0.116687229
1648.494099	0.116707236
1648.494099	0.116727242
1648.494099	0.116747249
1648.494099	0.116767256
1648.494099	0.116787262
1648.494099	0.116807269
1648.494099	0.116827276
1632.839768	0.116847282
1632.839768	0.116867289
1632.839768	0.116887296
1632.839768	0.116907302
1632.839768	0.116927309
1632.839768	0.116947316
1632.839768	0.116967322
1632.839768	0.116987329
1632.839768	0.117007336
1632.839768	0.117027342
1632.839768	0.117047349
1632.839768	0.117067356
1632.839768	0.117087362
1632.839768	0.117107369
1632.839768	0.117127376
1632.839768	0.117147382
1632.839768	0.117167389
1632.839768	0.117187396
1632.839768	0.117207402
1632.839768	0.117227409
1619.142228	0.117247416
1619.142228	0.117267422
1617.185437	0.117287429
1617.185437	0.117307436
1617.185437	0.117327442
1617.185437	0.117347449
1617.185437	0.117367456
1617.185437	0.117387462
1617.185437	0.117407469
1617.185437	0.117427476
1617.185437	0.117447482
1617.185437	0.117467489
1617.185437	0.117487496
1617.185437	0.117507503
1617.185437	0.117527509
1617.185437	0.117547516
1617.185437	0.117567523
1603.487898	0.117587529
1603.487898	0.117607536
1603.487898	0.117627543
1603.487898	0.117647549
1603.487898	0.117667556
1603.487898	0.117687563
1603.487898	0.117707569
1603.487898	0.117727576
1603.487898	0.117747583
1603.487898	0.117767589
1603.487898	0.117787596
1603.487898	0.117807603
1603.487898	0.117827609
1603.487898	0.117847616
1603.487898	0.117867623
1603.487898	0.117887629
1601.531106	0.117907636
1589.790358	0.117927643
1589.790358	0.117947649
1589.790358	0.117967656
1589.790358	0.117987663
1601.531106	0.118007669
1601.531106	0.118027676
1601.531106	0.118047683
1589.790358	0.118067689
1589.790358	0.118087696
1587.833567	0.118107703
1587.833567	0.118127709
1587.833567	0.118147716
1587.833567	0.118167723
1587.833567	0.118187729
1587.833567	0.118207736
1587.833567	0.118227743
1587.833567	0.118247749
1587.833567	0.118267756
1587.833567	0.118287763
1587.833567	0.118307769
1587.833567	0.118327776
1587.833567	0.118347783
1587.833567	0.118367789
1587.833567	0.118387796
1587.833567	0.118407803
1587.833567	0.118427809
1587.833567	0.118447816
1587.833567	0.118467823
1574.136027	0.118487829
1574.136027	0.118507836
1574.136027	0.118527843
1574.136027	0.118547849
1574.136027	0.118567856
1574.136027	0.118587863
1574.136027	0.118607869
1574.136027	0.118627876
1574.136027	0.118647883
1574.136027	0.118667889
1574.136027	0.118687896
1574.136027	0.118707903
1574.136027	0.118727909
1574.136027	0.118747916
1574.136027	0.118767923
1574.136027	0.118787929
1574.136027	0.118807936
1574.136027	0.118827943
1574.136027	0.118847949
1574.136027	0.118867956
1574.136027	0.118887963
1574.136027	0.118907969
1560.438488	0.118927976
1560.438488	0.118947983
1560.438488	0.118967989
1560.438488	0.118987996
1560.438488	0.119008003
1560.438488	0.119028009
1560.438488	0.119048016
1560.438488	0.119068023
1560.438488	0.119088029
1560.438488	0.119108036
1560.438488	0.119128043
1560.438488	0.119148049
1560.438488	0.119168056
1560.438488	0.119188063
1560.438488	0.119208069
1548.69774	0.119228076
1548.69774	0.119248083
1548.69774	0.119268089
1548.69774	0.119288096
1548.69774	0.119308103
1548.69774	0.119328109
1548.69774	0.119348116
1548.69774	0.119368123
1548.69774	0.119388129
1548.69774	0.119408136
1548.69774	0.119428143
1548.69774	0.119448149
1548.69774	0.119468156
1546.740948	0.119488163
1546.740948	0.119508169
1546.740948	0.119528176
1546.740948	0.119548183
1546.740948	0.119568189
1546.740948	0.119588196
1546.740948	0.119608203
1546.740948	0.119628209
1546.740948	0.119648216
1546.740948	0.119668223
1546.740948	0.119688229
1546.740948	0.119708236
1546.740948	0.119728243
1546.740948	0.119748249
1546.740948	0.119768256
1535.0002	0.119788263
1535.0002	0.119808269
1535.0002	0.119828276
1535.0002	0.119848283
1535.0002	0.119868289
1535.0002	0.119888296
1535.0002	0.119908303
1535.0002	0.119928309
1535.0002	0.119948316
1535.0002	0.119968323
1535.0002	0.119988329
1535.0002	0.120008336
1535.0002	0.120028343
1535.0002	0.120048349
1535.0002	0.120068356
1535.0002	0.120088363
1535.0002	0.120108369
1523.259452	0.120128376
1523.259452	0.120148383
1523.259452	0.120168389
1523.259452	0.120188396
1523.259452	0.120208403
1523.259452	0.120228409
1523.259452	0.120248416
1523.259452	0.120268423
1523.259452	0.120288429
1523.259452	0.120308436
1523.259452	0.120328443
1523.259452	0.120348449
1523.259452	0.120368456
1523.259452	0.120388463
1523.259452	0.120408469
1523.259452	0.120428476
1523.259452	0.120448483
1521.302661	0.120468489
1521.302661	0.120488496
1521.302661	0.120508503
1521.302661	0.12052851
1521.302661	0.120548516
1521.302661	0.120568523
1511.518704	0.12058853
1511.518704	0.120608536
1511.518704	0.120628543
1521.302661	0.12064855
1521.302661	0.120668556
1521.302661	0.120688563
1511.518704	0.12070857
1511.518704	0.120728576
1511.518704	0.120748583
1511.518704	0.12076859
1511.518704	0.120788596
1511.518704	0.120808603
1511.518704	0.12082861
1509.561912	0.120848616
1509.561912	0.120868623
1509.561912	0.12088863
1509.561912	0.120908636
1509.561912	0.120928643
1509.561912	0.12094865
1509.561912	0.120968656
1509.561912	0.120988663
1509.561912	0.12100867
1509.561912	0.121028676
1509.561912	0.121048683
1499.777956	0.12106869
1509.561912	0.121088696
1509.561912	0.121108703
1509.561912	0.12112871
1509.561912	0.121148716
1499.777956	0.121168723
1499.777956	0.12118873
1499.777956	0.121208736
1499.777956	0.121228743
1499.777956	0.12124875
1499.777956	0.121268756
1499.777956	0.121288763
1499.777956	0.12130877
1499.777956	0.121328776
1497.821164	0.121348783
1497.821164	0.12136879
1497.821164	0.121388796
1497.821164	0.121408803
1497.821164	0.12142881
1497.821164	0.121448816
1497.821164	0.121468823
1497.821164	0.12148883
1497.821164	0.121508836
1497.821164	0.121528843
1497.821164	0.12154885
1497.821164	0.121568856
1497.821164	0.121588863
1497.821164	0.12160887
1497.821164	0.121628876
1488.037207	0.121648883
1488.037207	0.12166889
1488.037207	0.121688896
1488.037207	0.121708903
1488.037207	0.12172891
1488.037207	0.121748916
1488.037207	0.121768923
1488.037207	0.12178893
1488.037207	0.121808936
1488.037207	0.121828943
1488.037207	0.12184895
1488.037207	0.121868956
1488.037207	0.121888963
1488.037207	0.12190897
1488.037207	0.121928976
1488.037207	0.121948983
1486.080416	0.12196899
1486.080416	0.121988996
1486.080416	0.122009003
1486.080416	0.12202901
1486.080416	0.122049016
1486.080416	0.122069023
1486.080416	0.12208903
1486.080416	0.122109036
1476.296459	0.122129043
1476.296459	0.12214905
1476.296459	0.122169056
1476.296459	0.122189063
1476.296459	0.12220907
1476.296459	0.122229076
1476.296459	0.122249083
1476.296459	0.12226909
1476.296459	0.122289096
1476.296459	0.122309103
1476.296459	0.12232911
1476.296459	0.122349116
1476.296459	0.122369123
1476.296459	0.12238913
1476.296459	0.122409136
1476.296459	0.122429143
1476.296459	0.12244915
1476.296459	0.122469156
1476.296459	0.122489163
1476.296459	0.12250917
1466.512503	0.122529176
1466.512503	0.122549183
1466.512503	0.12256919
1466.512503	0.122589196
1466.512503	0.122609203
1466.512503	0.12262921
1466.512503	0.122649216
1466.512503	0.122669223
1466.512503	0.12268923
1466.512503	0.122709236
1466.512503	0.122729243
1466.512503	0.12274925
1466.512503	0.122769256
1466.512503	0.122789263
1466.512503	0.12280927
1466.512503	0.122829276
1466.512503	0.122849283
1466.512503	0.12286929
1466.512503	0.122889296
1466.512503	0.122909303
1466.512503	0.12292931
1466.512503	0.122949316
1464.555711	0.122969323
1464.555711	0.12298933
1456.728546	0.123009336
1456.728546	0.123029343
1456.728546	0.12304935
1456.728546	0.123069356
1456.728546	0.123089363
1456.728546	0.12310937
1456.728546	0.123129376
1456.728546	0.123149383
1456.728546	0.12316939
1456.728546	0.123189396
1456.728546	0.123209403
1456.728546	0.12322941
1456.728546	0.123249416
1456.728546	0.123269423
1456.728546	0.12328943
1456.728546	0.123309436
1454.771754	0.123329443
1454.771754	0.12334945
1454.771754	0.123369456
1454.771754	0.123389463
1454.771754	0.12340947
1454.771754	0.123429476
1454.771754	0.123449483
1454.771754	0.12346949
1454.771754	0.123489496
1454.771754	0.123509503
1446.944589	0.12352951
1446.944589	0.123549517
1454.771754	0.123569523
1454.771754	0.12358953
1454.771754	0.123609537
1446.944589	0.123629543
1446.944589	0.12364955
1446.944589	0.123669557
1446.944589	0.123689563
1446.944589	0.12370957
1446.944589	0.123729577
1446.944589	0.123749583
1446.944589	0.12376959
1446.944589	0.123789597
1444.987798	0.123809603
1444.987798	0.12382961
1444.987798	0.123849617
1444.987798	0.123869623
1444.987798	0.12388963
1444.987798	0.123909637
1444.987798	0.123929643
1444.987798	0.12394965
1444.987798	0.123969657
1444.987798	0.123989663
1444.987798	0.12400967
1444.987798	0.124029677
1437.160632	0.124049683
1437.160632	0.12406969
1437.160632	0.124089697
1444.987798	0.124109703
1444.987798	0.12412971
1437.160632	0.124149717
1437.160632	0.124169723
1437.160632	0.12418973
1437.160632	0.124209737
1437.160632	0.124229743
1437.160632	0.12424975
1437.160632	0.124269757
1437.160632	0.124289763
1437.160632	0.12430977
1437.160632	0.124329777
1437.160632	0.124349783
1437.160632	0.12436979
1437.160632	0.124389797
1435.203841	0.124409803
1435.203841	0.12442981
1435.203841	0.124449817
1435.203841	0.124469823
1435.203841	0.12448983
1435.203841	0.124509837
1435.203841	0.124529843
1435.203841	0.12454985
1435.203841	0.124569857
1435.203841	0.124589863
1435.203841	0.12460987
1435.203841	0.124629877
1435.203841	0.124649883
1427.376675	0.12466989
1427.376675	0.124689897
1427.376675	0.124709903
1427.376675	0.12472991
1427.376675	0.124749917
1427.376675	0.124769923
1427.376675	0.12478993
1427.376675	0.124809937
1427.376675	0.124829943
1427.376675	0.12484995
1427.376675	0.124869957
1427.376675	0.124889963
1427.376675	0.12490997
1427.376675	0.124929977
1427.376675	0.124949983
1427.376675	0.12496999
1427.376675	0.124989997
1427.376675	0.125010003
1427.376675	0.12503001
1427.376675	0.125050017
1427.376675	0.125070023
1427.376675	0.12509003
1419.54951	0.125110037
1419.54951	0.125130043
1419.54951	0.12515005
1419.54951	0.125170057
1419.54951	0.125190063
1419.54951	0.12521007
1419.54951	0.125230077
1419.54951	0.125250083
1417.592719	0.12527009
1417.592719	0.125290097
1417.592719	0.125310103
1417.592719	0.12533011
1417.592719	0.125350117
1417.592719	0.125370123
1417.592719	0.12539013
1417.592719	0.125410137
1417.592719	0.125430143
1417.592719	0.12545015
1417.592719	0.125470157
1417.592719	0.125490163
1417.592719	0.12551017
1417.592719	0.125530177
1417.592719	0.125550183
1417.592719	0.12557019
1417.592719	0.125590197
1417.592719	0.125610203
1417.592719	0.12563021
1417.592719	0.125650217
1417.592719	0.125670223
1417.592719	0.12569023
1417.592719	0.125710237
1409.765553	0.125730243
1409.765553	0.12575025
1409.765553	0.125770257
1409.765553	0.125790263
1409.765553	0.12581027
1409.765553	0.125830277
1409.765553	0.125850283
1409.765553	0.12587029
1409.765553	0.125890297
1409.765553	0.125910303
1409.765553	0.12593031
1409.765553	0.125950317
1409.765553	0.125970323
1409.765553	0.12599033
1409.765553	0.126010337
1409.765553	0.126030343
1409.765553	0.12605035
1409.765553	0.126070357
1409.765553	0.126090363
1409.765553	0.12611037
1409.765553	0.126130377
1409.765553	0.126150383
1409.765553	0.12617039
1409.765553	0.126190397
1401.938388	0.126210403
1401.938388	0.12623041
1401.938388	0.126250417
1401.938388	0.126270423
1401.938388	0.12629043
1401.938388	0.126310437
1401.938388	0.126330443
1401.938388	0.12635045
1401.938388	0.126370457
1401.938388	0.126390463
1401.938388	0.12641047
1401.938388	0.126430477
1401.938388	0.126450483
1401.938388	0.12647049
1401.938388	0.126490497
1401.938388	0.126510504
1401.938388	0.12653051
1401.938388	0.126550517
1401.938388	0.126570524
1399.981596	0.12659053
1399.981596	0.126610537
1399.981596	0.126630544
1399.981596	0.12665055
1399.981596	0.126670557
1399.981596	0.126690564
1399.981596	0.12671057
1399.981596	0.126730577
1399.981596	0.126750584
1394.111222	0.12677059
1394.111222	0.126790597
1399.981596	0.126810604
1399.981596	0.12683061
1394.111222	0.126850617
1394.111222	0.126870624
1394.111222	0.12689063
1394.111222	0.126910637
1394.111222	0.126930644
1394.111222	0.12695065
1394.111222	0.126970657
1394.111222	0.126990664
1394.111222	0.12701067
1394.111222	0.127030677
1392.154431	0.127050684
1392.154431	0.12707069
1392.154431	0.127090697
1392.154431	0.127110704
1392.154431	0.12713071
1392.154431	0.127150717
1392.154431	0.127170724
1392.154431	0.12719073
1392.154431	0.127210737
1392.154431	0.127230744
1392.154431	0.12725075
1392.154431	0.127270757
1392.154431	0.127290764
1392.154431	0.12731077
1392.154431	0.127330777
1392.154431	0.127350784
1392.154431	0.12737079
1392.154431	0.127390797
1392.154431	0.127410804
1386.284057	0.12743081
1386.284057	0.127450817
1386.284057	0.127470824
1386.284057	0.12749083
1386.284057	0.127510837
1386.284057	0.127530844
1386.284057	0.12755085
1386.284057	0.127570857
1386.284057	0.127590864
1386.284057	0.12761087
1386.284057	0.127630877
1384.327265	0.127650884
1384.327265	0.12767089
1384.327265	0.127690897
1384.327265	0.127710904
1384.327265	0.12773091
1384.327265	0.127750917
1384.327265	0.127770924
1384.327265	0.12779093
1384.327265	0.127810937
1384.327265	0.127830944
1384.327265	0.12785095
1384.327265	0.127870957
1384.327265	0.127890964
1384.327265	0.12791097
1378.456891	0.127930977
1378.456891	0.127950984
1378.456891	0.12797099
1384.327265	0.127990997
1378.456891	0.128011004
1378.456891	0.12803101
1378.456891	0.128051017
1378.456891	0.128071024
1378.456891	0.12809103
1378.456891	0.128111037
1378.456891	0.128131044
1378.456891	0.12815105
1378.456891	0.128171057
1378.456891	0.128191064
1378.456891	0.12821107
1378.456891	0.128231077
1378.456891	0.128251084
1378.456891	0.12827109
1378.456891	0.128291097
1378.456891	0.128311104
1378.456891	0.12833111
1376.5001	0.128351117
1376.5001	0.128371124
1376.5001	0.12839113
1376.5001	0.128411137
1376.5001	0.128431144
1376.5001	0.12845115
1376.5001	0.128471157
1376.5001	0.128491164
1376.5001	0.12851117
1376.5001	0.128531177
1376.5001	0.128551184
1376.5001	0.12857119
1370.629726	0.128591197
1370.629726	0.128611204
1370.629726	0.12863121
1370.629726	0.128651217
1370.629726	0.128671224
1370.629726	0.12869123
1370.629726	0.128711237
1370.629726	0.128731244
1370.629726	0.12875125
1370.629726	0.128771257
1370.629726	0.128791264
1370.629726	0.12881127
1370.629726	0.128831277
1370.629726	0.128851284
1370.629726	0.12887129
1370.629726	0.128891297
1370.629726	0.128911304
1370.629726	0.12893131
1370.629726	0.128951317
1370.629726	0.128971324
1370.629726	0.12899133
1370.629726	0.129011337
1370.629726	0.129031344
1370.629726	0.12905135
1370.629726	0.129071357
1370.629726	0.129091364
1370.629726	0.12911137
1364.759352	0.129131377
1364.759352	0.129151384
1364.759352	0.12917139
1364.759352	0.129191397
1364.759352	0.129211404
1364.759352	0.12923141
1364.759352	0.129251417
1364.759352	0.129271424
1364.759352	0.12929143
1364.759352	0.129311437
1362.802561	0.129331444
1362.802561	0.12935145
1362.802561	0.129371457
1362.802561	0.129391464
1362.802561	0.12941147
1362.802561	0.129431477
1362.802561	0.129451484
1362.802561	0.12947149
1362.802561	0.129491497
1362.802561	0.129511504
1362.802561	0.129531511
1362.802561	0.129551517
1362.802561	0.129571524
1362.802561	0.129591531
1362.802561	0.129611537
1362.802561	0.129631544
1362.802561	0.129651551
1362.802561	0.129671557
1362.802561	0.129691564
1362.802561	0.129711571
1362.802561	0.129731577
1362.802561	0.129751584
1362.802561	0.129771591
1356.932186	0.129791597
1356.932186	0.129811604
1356.932186	0.129831611
1356.932186	0.129851617
1356.932186	0.129871624
1356.932186	0.129891631
1356.932186	0.129911637
1356.932186	0.129931644
1356.932186	0.129951651
1356.932186	0.129971657
1356.932186	0.129991664
1356.932186	0.130011671
1356.932186	0.130031677
1356.932186	0.130051684
1356.932186	0.130071691
1356.932186	0.130091697
1356.932186	0.130111704
1356.932186	0.130131711
1356.932186	0.130151717
1356.932186	0.130171724
1356.932186	0.130191731
1356.932186	0.130211737
1356.932186	0.130231744
1356.932186	0.130251751
1356.932186	0.130271757
1356.932186	0.130291764
1356.932186	0.130311771
1356.932186	0.130331777
1351.061812	0.130351784
1351.061812	0.130371791
1351.061812	0.130391797
1351.061812	0.130411804
1351.061812	0.130431811
1351.061812	0.130451817
1351.061812	0.130471824
1351.061812	0.130491831
1351.061812	0.130511837
1351.061812	0.130531844
1351.061812	0.130551851
1351.061812	0.130571857
1351.061812	0.130591864
1351.061812	0.130611871
1351.061812	0.130631877
1351.061812	0.130651884
1351.061812	0.130671891
1351.061812	0.130691897
1351.061812	0.130711904
1351.061812	0.130731911
1351.061812	0.130751917
1349.105021	0.130771924
1349.105021	0.130791931
1349.105021	0.130811937
1349.105021	0.130831944
1349.105021	0.130851951
1349.105021	0.130871957
1349.105021	0.130891964
1349.105021	0.130911971
1349.105021	0.130931977
1349.105021	0.130951984
1345.191438	0.130971991
1349.105021	0.130991997
1349.105021	0.131012004
1345.191438	0.131032011
1345.191438	0.131052017
1345.191438	0.131072024
1345.191438	0.131092031
1345.191438	0.131112037
1345.191438	0.131132044
1345.191438	0.131152051
1345.191438	0.131172057
1345.191438	0.131192064
1345.191438	0.131212071
1343.234647	0.131232077
1343.234647	0.131252084
1343.234647	0.131272091
1343.234647	0.131292097
1343.234647	0.131312104
1343.234647	0.131332111
1343.234647	0.131352117
1343.234647	0.131372124
1343.234647	0.131392131
1343.234647	0.131412137
1343.234647	0.131432144
1343.234647	0.131452151
1343.234647	0.131472157
1343.234647	0.131492164
1343.234647	0.131512171
1343.234647	0.131532177
1343.234647	0.131552184
1343.234647	0.131572191
1343.234647	0.131592197
1343.234647	0.131612204
1343.234647	0.131632211
1343.234647	0.131652217
1339.321064	0.131672224
1339.321064	0.131692231
1339.321064	0.131712237
1339.321064	0.131732244
1339.321064	0.131752251
1339.321064	0.131772257
1337.364273	0.131792264
1337.364273	0.131812271
1337.364273	0.131832277
1337.364273	0.131852284
1337.364273	0.131872291
1337.364273	0.131892297
1337.364273	0.131912304
1337.364273	0.131932311
1337.364273	0.131952317
1337.364273	0.131972324
1337.364273	0.131992331
1337.364273	0.132012337
1337.364273	0.132032344
1337.364273	0.132052351
1337.364273	0.132072357
1337.364273	0.132092364
1337.364273	0.132112371
1337.364273	0.132132377
1337.364273	0.132152384
1337.364273	0.132172391
1337.364273	0.132192397
1337.364273	0.132212404
1337.364273	0.132232411
1337.364273	0.132252417
1337.364273	0.132272424
1337.364273	0.132292431
1333.45069	0.132312437
1333.45069	0.132332444
1333.45069	0.132352451
1333.45069	0.132372457
1333.45069	0.132392464
1333.45069	0.132412471
1333.45069	0.132432477
1333.45069	0.132452484
1333.45069	0.132472491
1331.493899	0.132492497
1331.493899	0.132512504
1331.493899	0.132532511
1331.493899	0.132552518
1331.493899	0.132572524
1331.493899	0.132592531
1331.493899	0.132612538
1331.493899	0.132632544
1331.493899	0.132652551
1331.493899	0.132672558
1331.493899	0.132692564
1331.493899	0.132712571
1331.493899	0.132732578
1331.493899	0.132752584
1331.493899	0.132772591
1331.493899	0.132792598
1331.493899	0.132812604
1331.493899	0.132832611
1331.493899	0.132852618
1331.493899	0.132872624
1331.493899	0.132892631
1331.493899	0.132912638
1331.493899	0.132932644
1331.493899	0.132952651
1327.580316	0.132972658
1327.580316	0.132992664
1327.580316	0.133012671
1327.580316	0.133032678
1327.580316	0.133052684
1327.580316	0.133072691
1327.580316	0.133092698
1327.580316	0.133112704
1327.580316	0.133132711
1327.580316	0.133152718
1327.580316	0.133172724
1327.580316	0.133192731
1327.580316	0.133212738
1327.580316	0.133232744
1327.580316	0.133252751
1327.580316	0.133272758
1325.623525	0.133292764
1325.623525	0.133312771
1325.623525	0.133332778
1325.623525	0.133352784
1325.623525	0.133372791
1325.623525	0.133392798
1325.623525	0.133412804
1325.623525	0.133432811
1325.623525	0.133452818
1325.623525	0.133472824
1325.623525	0.133492831
1325.623525	0.133512838
1325.623525	0.133532844
1325.623525	0.133552851
1321.709942	0.133572858
1321.709942	0.133592864
1321.709942	0.133612871
1321.709942	0.133632878
1321.709942	0.133652884
1321.709942	0.133672891
1321.709942	0.133692898
1321.709942	0.133712904
1321.709942	0.133732911
1321.709942	0.133752918
1321.709942	0.133772924
1321.709942	0.133792931
1321.709942	0.133812938
1321.709942	0.133832944
1321.709942	0.133852951
1321.709942	0.133872958
1321.709942	0.133892964
1321.709942	0.133912971
1321.709942	0.133932978
1321.709942	0.133952984
1321.709942	0.133972991
1321.709942	0.133992998
1321.709942	0.134013004
1321.709942	0.134033011
1321.709942	0.134053018
1321.709942	0.134073024
1321.709942	0.134093031
1321.709942	0.134113038
1321.709942	0.134133044
1321.709942	0.134153051
1321.709942	0.134173058
1321.709942	0.134193064
1321.709942	0.134213071
1321.709942	0.134233078
1319.753151	0.134253084
1319.753151	0.134273091
1319.753151	0.134293098
1315.839568	0.134313104
1315.839568	0.134333111
1315.839568	0.134353118
1315.839568	0.134373124
1315.839568	0.134393131
1315.839568	0.134413138
1315.839568	0.134433144
1315.839568	0.134453151
1315.839568	0.134473158
1315.839568	0.134493164
1315.839568	0.134513171
1315.839568	0.134533178
1315.839568	0.134553184
1315.839568	0.134573191
1315.839568	0.134593198
1315.839568	0.134613204
1315.839568	0.134633211
1315.839568	0.134653218
1315.839568	0.134673224
1315.839568	0.134693231
1315.839568	0.134713238
1315.839568	0.134733244
1315.839568	0.134753251
1315.839568	0.134773258
1315.839568	0.134793264
1315.839568	0.134813271
1315.839568	0.134833278
1315.839568	0.134853284
1315.839568	0.134873291
1315.839568	0.134893298
1315.839568	0.134913304
1315.839568	0.134933311
1311.925985	0.134953318
1311.925985	0.134973324
1311.925985	0.134993331
1311.925985	0.135013338
1311.925985	0.135033344
1311.925985	0.135053351
1311.925985	0.135073358
1311.925985	0.135093364
1311.925985	0.135113371
1311.925985	0.135133378
1311.925985	0.135153384
1311.925985	0.135173391
1311.925985	0.135193398
1311.925985	0.135213404
1311.925985	0.135233411
1311.925985	0.135253418
1311.925985	0.135273424
1311.925985	0.135293431
1311.925985	0.135313438
1311.925985	0.135333444
1311.925985	0.135353451
1311.925985	0.135373458
1311.925985	0.135393464
1311.925985	0.135413471
1311.925985	0.135433478
1311.925985	0.135453484
1309.969194	0.135473491
1309.969194	0.135493498
1309.969194	0.135513505
1309.969194	0.135533511
1309.969194	0.135553518
1309.969194	0.135573525
1309.969194	0.135593531
1309.969194	0.135613538
1309.969194	0.135633545
1309.969194	0.135653551
1309.969194	0.135673558
1308.012402	0.135693565
1306.055611	0.135713571
1306.055611	0.135733578
1306.055611	0.135753585
1306.055611	0.135773591
1306.055611	0.135793598
1306.055611	0.135813605
1306.055611	0.135833611
1306.055611	0.135853618
1306.055611	0.135873625
1306.055611	0.135893631
1306.055611	0.135913638
1306.055611	0.135933645
1306.055611	0.135953651
1306.055611	0.135973658
1306.055611	0.135993665
1306.055611	0.136013671
1306.055611	0.136033678
1306.055611	0.136053685
1306.055611	0.136073691
1306.055611	0.136093698
1306.055611	0.136113705
1306.055611	0.136133711
1306.055611	0.136153718
1306.055611	0.136173725
1306.055611	0.136193731
1306.055611	0.136213738
1306.055611	0.136233745
1306.055611	0.136253751
1306.055611	0.136273758
1306.055611	0.136293765
1306.055611	0.136313771
1306.055611	0.136333778
1306.055611	0.136353785
1306.055611	0.136373791
1306.055611	0.136393798
1302.142028	0.136413805
1302.142028	0.136433811
1302.142028	0.136453818
1302.142028	0.136473825
1302.142028	0.136493831
1302.142028	0.136513838
1302.142028	0.136533845
1302.142028	0.136553851
1302.142028	0.136573858
1302.142028	0.136593865
1302.142028	0.136613871
1302.142028	0.136633878
1302.142028	0.136653885
1302.142028	0.136673891
1302.142028	0.136693898
1302.142028	0.136713905
1302.142028	0.136733911
1302.142028	0.136753918
1302.142028	0.136773925
1302.142028	0.136793931
1302.142028	0.136813938
1302.142028	0.136833945
1302.142028	0.136853951
1302.142028	0.136873958
1302.142028	0.136893965
1302.142028	0.136913971
1302.142028	0.136933978
1302.142028	0.136953985
1302.142028	0.136973991
1302.142028	0.136993998
1302.142028	0.137014005
1302.142028	0.137034011
1302.142028	0.137054018
1302.142028	0.137074025
1298.228446	0.137094031
1298.228446	0.137114038
1298.228446	0.137134045
1298.228446	0.137154051
1298.228446	0.137174058
1298.228446	0.137194065
1298.228446	0.137214071
1298.228446	0.137234078
1298.228446	0.137254085
1298.228446	0.137274091
1298.228446	0.137294098
1298.228446	0.137314105
1298.228446	0.137334111
1298.228446	0.137354118
1298.228446	0.137374125
1298.228446	0.137394131
1298.228446	0.137414138
1298.228446	0.137434145
1298.228446	0.137454151
1298.228446	0.137474158
1298.228446	0.137494165
1298.228446	0.137514171
1298.228446	0.137534178
1298.228446	0.137554185
1298.228446	0.137574191
1298.228446	0.137594198
1298.228446	0.137614205
1298.228446	0.137634211
1298.228446	0.137654218
1296.271654	0.137674225
1296.271654	0.137694231
1296.271654	0.137714238
1296.271654	0.137734245
1296.271654	0.137754251
1296.271654	0.137774258
1296.271654	0.137794265
1296.271654	0.137814271
1294.314863	0.137834278
1294.314863	0.137854285
1294.314863	0.137874291
1294.314863	0.137894298
1294.314863	0.137914305
1294.314863	0.137934311
1294.314863	0.137954318
1294.314863	0.137974325
1294.314863	0.137994331
1294.314863	0.138014338
1294.314863	0.138034345
1294.314863	0.138054351
1294.314863	0.138074358
1294.314863	0.138094365
1294.314863	0.138114371
1294.314863	0.138134378
1294.314863	0.138154385
1294.314863	0.138174391
1294.314863	0.138194398
1294.314863	0.138214405
1294.314863	0.138234411
1292.358072	0.138254418
1292.358072	0.138274425
1292.358072	0.138294431
1292.358072	0.138314438
1292.358072	0.138334445
1292.358072	0.138354451
1292.358072	0.138374458
1292.358072	0.138394465
1292.358072	0.138414471
1292.358072	0.138434478
1292.358072	0.138454485
1292.358072	0.138474491
1292.358072	0.138494498
1292.358072	0.138514505
1292.358072	0.138534512
1292.358072	0.138554518
1290.40128	0.138574525
1290.40128	0.138594532
1290.40128	0.138614538
1290.40128	0.138634545
1290.40128	0.138654552
1290.40128	0.138674558
1290.40128	0.138694565
1290.40128	0.138714572
1290.40128	0.138734578
1290.40128	0.138754585
1290.40128	0.138774592
1290.40128	0.138794598
1290.40128	0.138814605
1290.40128	0.138834612
1290.40128	0.138854618
1290.40128	0.138874625
1290.40128	0.138894632
1290.40128	0.138914638
1290.40128	0.138934645
1288.444489	0.138954652
1288.444489	0.138974658
1288.444489	0.138994665
1288.444489	0.139014672
1288.444489	0.139034678
1288.444489	0.139054685
1288.444489	0.139074692
1288.444489	0.139094698
1288.444489	0.139114705
1288.444489	0.139134712
1288.444489	0.139154718
1288.444489	0.139174725
1288.444489	0.139194732
1288.444489	0.139214738
1288.444489	0.139234745
1288.444489	0.139254752
1288.444489	0.139274758
1288.444489	0.139294765
1286.487698	0.139314772
1286.487698	0.139334778
1286.487698	0.139354785
1286.487698	0.139374792
1286.487698	0.139394798
1286.487698	0.139414805
1286.487698	0.139434812
1286.487698	0.139454818
1286.487698	0.139474825
1286.487698	0.139494832
1286.487698	0.139514838
1286.487698	0.139534845
1286.487698	0.139554852
1286.487698	0.139574858
1286.487698	0.139594865
1286.487698	0.139614872
1286.487698	0.139634878
1286.487698	0.139654885
1286.487698	0.139674892
1286.487698	0.139694898
1286.487698	0.139714905
1286.487698	0.139734912
1286.487698	0.139754918
1284.530906	0.139774925
1284.530906	0.139794932
1284.530906	0.139814938
1284.530906	0.139834945
1284.530906	0.139854952
1284.530906	0.139874958
1284.530906	0.139894965
1284.530906	0.139914972
1284.530906	0.139934978
1284.530906	0.139954985
1284.530906	0.139974992
1284.530906	0.139994998
1284.530906	0.140015005
1284.530906	0.140035012
1284.530906	0.140055018
1284.530906	0.140075025
1282.574115	0.140095032
1282.574115	0.140115038
1282.574115	0.140135045
1282.574115	0.140155052
1282.574115	0.140175058
1282.574115	0.140195065
1282.574115	0.140215072
1282.574115	0.140235078
1282.574115	0.140255085
1282.574115	0.140275092
1282.574115	0.140295098
1282.574115	0.140315105
1282.574115	0.140335112
1282.574115	0.140355118
1282.574115	0.140375125
1282.574115	0.140395132
1282.574115	0.140415138
1282.574115	0.140435145
1282.574115	0.140455152
1282.574115	0.140475158
1282.574115	0.140495165
1282.574115	0.140515172
1282.574115	0.140535178
1282.574115	0.140555185
1282.574115	0.140575192
1282.574115	0.140595198
1282.574115	0.140615205
1282.574115	0.140635212
1282.574115	0.140655218
1282.574115	0.140675225
1282.574115	0.140695232
1282.574115	0.140715238
1280.617323	0.140735245
1280.617323	0.140755252
1280.617323	0.140775258
1280.617323	0.140795265
1280.617323	0.140815272
1280.617323	0.140835278
1278.660532	0.140855285
1278.660532	0.140875292
1278.660532	0.140895298
1278.660532	0.140915305
1278.660532	0.140935312
1278.660532	0.140955318
1278.660532	0.140975325
1278.660532	0.140995332
1278.660532	0.141015338
1278.660532	0.141035345
1278.660532	0.141055352
1278.660532	0.141075358
1278.660532	0.141095365
1278.660532	0.141115372
1278.660532	0.141135378
1278.660532	0.141155385
1278.660532	0.141175392
1278.660532	0.141195398
1278.660532	0.141215405
1278.660532	0.141235412
1278.660532	0.141255418
1278.660532	0.141275425
1278.660532	0.141295432
1278.660532	0.141315438
1278.660532	0.141335445
1278.660532	0.141355452
1278.660532	0.141375458
1278.660532	0.141395465
1278.660532	0.141415472
1278.660532	0.141435478
1278.660532	0.141455485
1278.660532	0.141475492
1278.660532	0.141495498
1278.660532	0.141515505
1278.660532	0.141535512
1278.660532	0.141555519
1278.660532	0.141575525
1278.660532	0.141595532
1278.660532	0.141615539
1278.660532	0.141635545
1278.660532	0.141655552
1278.660532	0.141675559
1274.746949	0.141695565
1274.746949	0.141715572
1274.746949	0.141735579
1274.746949	0.141755585
1274.746949	0.141775592
1274.746949	0.141795599
1274.746949	0.141815605
1274.746949	0.141835612
1274.746949	0.141855619
1274.746949	0.141875625
1274.746949	0.141895632
1274.746949	0.141915639
1274.746949	0.141935645
1274.746949	0.141955652
1274.746949	0.141975659
1274.746949	0.141995665
1274.746949	0.142015672
1274.746949	0.142035679
1274.746949	0.142055685
1274.746949	0.142075692
1274.746949	0.142095699
1274.746949	0.142115705
1274.746949	0.142135712
1274.746949	0.142155719
1274.746949	0.142175725
1274.746949	0.142195732
1274.746949	0.142215739
1274.746949	0.142235745
1274.746949	0.142255752
1274.746949	0.142275759
1274.746949	0.142295765
1274.746949	0.142315772
1274.746949	0.142335779
1274.746949	0.142355785
1274.746949	0.142375792
1274.746949	0.142395799
1274.746949	0.142415805
1274.746949	0.142435812
1274.746949	0.142455819
1274.746949	0.142475825
1272.790158	0.142495832
1272.790158	0.142515839
1272.790158	0.142535845
1272.790158	0.142555852
1272.790158	0.142575859
1272.790158	0.142595865
1272.790158	0.142615872
1272.790158	0.142635879
1272.790158	0.142655885
1272.790158	0.142675892
1272.790158	0.142695899
1272.790158	0.142715905
1272.790158	0.142735912
1272.790158	0.142755919
1272.790158	0.142775925
1272.790158	0.142795932
1272.790158	0.142815939
1272.790158	0.142835945
1272.790158	0.142855952
1272.790158	0.142875959
1272.790158	0.142895965
1272.790158	0.142915972
1270.833367	0.142935979
1270.833367	0.142955985
1270.833367	0.142975992
1270.833367	0.142995999
1270.833367	0.143016005
1270.833367	0.143036012
1270.833367	0.143056019
1270.833367	0.143076025
1270.833367	0.143096032
1270.833367	0.143116039
1270.833367	0.143136045
1270.833367	0.143156052
1270.833367	0.143176059
1270.833367	0.143196065
1270.833367	0.143216072
1270.833367	0.143236079
1268.876575	0.143256085
1268.876575	0.143276092
1268.876575	0.143296099
1268.876575	0.143316105
1268.876575	0.143336112
1268.876575	0.143356119
1268.876575	0.143376125
1268.876575	0.143396132
1268.876575	0.143416139
1268.876575	0.143436145
1268.876575	0.143456152
1268.876575	0.143476159
1268.876575	0.143496165
1268.876575	0.143516172
1268.876575	0.143536179
1268.876575	0.143556185
1268.876575	0.143576192
1268.876575	0.143596199
1268.876575	0.143616205
1268.876575	0.143636212
1268.876575	0.143656219
1268.876575	0.143676225
1268.876575	0.143696232
1268.876575	0.143716239
1268.876575	0.143736245
1268.876575	0.143756252
1268.876575	0.143776259
1268.876575	0.143796265
1268.876575	0.143816272
1268.876575	0.143836279
1268.876575	0.143856285
1268.876575	0.143876292
1268.876575	0.143896299
1268.876575	0.143916305
1268.876575	0.143936312
1268.876575	0.143956319
1268.876575	0.143976325
1268.876575	0.143996332
1268.876575	0.144016339
1268.876575	0.144036345
1268.876575	0.144056352
1268.876575	0.144076359
1268.876575	0.144096365
1268.876575	0.144116372
1266.919784	0.144136379
1266.919784	0.144156385
1266.919784	0.144176392
1266.919784	0.144196399
1266.919784	0.144216405
1266.919784	0.144236412
1266.919784	0.144256419
1266.919784	0.144276425
1266.919784	0.144296432
1266.919784	0.144316439
1266.919784	0.144336445
1266.919784	0.144356452
1266.919784	0.144376459
1266.919784	0.144396465
1266.919784	0.144416472
1266.919784	0.144436479
1266.919784	0.144456485
1266.919784	0.144476492
1266.919784	0.144496499
1264.962993	0.144516506
1264.962993	0.144536512
1264.962993	0.144556519
1264.962993	0.144576526
1264.962993	0.144596532
1264.962993	0.144616539
1264.962993	0.144636546
1264.962993	0.144656552
1264.962993	0.144676559
1264.962993	0.144696566
1264.962993	0.144716572
1264.962993	0.144736579
1264.962993	0.144756586
1264.962993	0.144776592
1264.962993	0.144796599
1264.962993	0.144816606
1264.962993	0.144836612
1264.962993	0.144856619
1264.962993	0.144876626
1264.962993	0.144896632
1264.962993	0.144916639
1264.962993	0.144936646
1263.006201	0.144956652
1263.006201	0.144976659
1263.006201	0.144996666
1263.006201	0.145016672
1263.006201	0.145036679
1263.006201	0.145056686
1263.006201	0.145076692
1263.006201	0.145096699
1263.006201	0.145116706
1263.006201	0.145136712
1263.006201	0.145156719
1263.006201	0.145176726
1263.006201	0.145196732
1263.006201	0.145216739
1263.006201	0.145236746
1263.006201	0.145256752
1263.006201	0.145276759
1263.006201	0.145296766
1263.006201	0.145316772
1263.006201	0.145336779
1263.006201	0.145356786
1263.006201	0.145376792
1263.006201	0.145396799
1263.006201	0.145416806
1263.006201	0.145436812
1263.006201	0.145456819
1263.006201	0.145476826
1263.006201	0.145496832
1263.006201	0.145516839
1263.006201	0.145536846
1263.006201	0.145556852
1263.006201	0.145576859
1263.006201	0.145596866
1263.006201	0.145616872
1263.006201	0.145636879
1263.006201	0.145656886
1263.006201	0.145676892
1263.006201	0.145696899
1263.006201	0.145716906
1263.006201	0.145736912
1263.006201	0.145756919
1261.04941	0.145776926
1261.04941	0.145796932
1261.04941	0.145816939
1261.04941	0.145836946
1261.04941	0.145856952
1261.04941	0.145876959
1261.04941	0.145896966
1261.04941	0.145916972
1261.04941	0.145936979
1261.04941	0.145956986
1261.04941	0.145976992
1261.04941	0.145996999
1261.04941	0.146017006
1261.04941	0.146037012
1261.04941	0.146057019
1261.04941	0.146077026
1261.04941	0.146097032
1261.04941	0.146117039
1261.04941	0.146137046
1261.04941	0.146157052
1261.04941	0.146177059
1261.04941	0.146197066
1261.04941	0.146217072
1261.04941	0.146237079
1261.04941	0.146257086
1261.04941	0.146277092
1261.04941	0.146297099
1261.04941	0.146317106
1261.04941	0.146337112
1261.04941	0.146357119
1261.04941	0.146377126
1261.04941	0.146397132
1261.04941	0.146417139
1261.04941	0.146437146
1261.04941	0.146457152
1261.04941	0.146477159
1261.04941	0.146497166
1261.04941	0.146517172
1261.04941	0.146537179
1261.04941	0.146557186
1261.04941	0.146577192
1261.04941	0.146597199
1261.04941	0.146617206
1261.04941	0.146637212
1259.092619	0.146657219
1259.092619	0.146677226
1259.092619	0.146697232
1259.092619	0.146717239
1259.092619	0.146737246
1259.092619	0.146757252
1259.092619	0.146777259
1259.092619	0.146797266
1259.092619	0.146817272
1259.092619	0.146837279
1259.092619	0.146857286
1259.092619	0.146877292
1259.092619	0.146897299
1259.092619	0.146917306
1259.092619	0.146937312
1259.092619	0.146957319
1257.135827	0.146977326
1257.135827	0.146997332
1257.135827	0.147017339
1257.135827	0.147037346
1257.135827	0.147057352
1257.135827	0.147077359
1257.135827	0.147097366
1257.135827	0.147117372
1257.135827	0.147137379
1257.135827	0.147157386
1257.135827	0.147177392
1257.135827	0.147197399
1257.135827	0.147217406
1257.135827	0.147237412
1257.135827	0.147257419
1257.135827	0.147277426
1257.135827	0.147297432
1257.135827	0.147317439
1257.135827	0.147337446
1257.135827	0.147357452
1257.135827	0.147377459
1257.135827	0.147397466
1257.135827	0.147417472
1257.135827	0.147437479
1257.135827	0.147457486
1257.135827	0.147477492
1257.135827	0.147497499
1257.135827	0.147517506
1255.179036	0.147537513
1255.179036	0.147557519
1255.179036	0.147577526
1255.179036	0.147597533
1255.179036	0.147617539
1255.179036	0.147637546
1255.179036	0.147657553
1255.179036	0.147677559
1255.179036	0.147697566
1255.179036	0.147717573
1255.179036	0.147737579
1255.179036	0.147757586
1255.179036	0.147777593
1255.179036	0.147797599
1255.179036	0.147817606
1255.179036	0.147837613
1255.179036	0.147857619
1255.179036	0.147877626
1255.179036	0.147897633
1255.179036	0.147917639
1255.179036	0.147937646
1255.179036	0.147957653
1255.179036	0.147977659
1255.179036	0.147997666
1255.179036	0.148017673
1255.179036	0.148037679
1255.179036	0.148057686
1255.179036	0.148077693
1255.179036	0.148097699
1255.179036	0.148117706
1255.179036	0.148137713
1255.179036	0.148157719
1255.179036	0.148177726
1255.179036	0.148197733
1255.179036	0.148217739
1255.179036	0.148237746
1255.179036	0.148257753
1255.179036	0.148277759
1255.179036	0.148297766
1255.179036	0.148317773
1255.179036	0.148337779
1255.179036	0.148357786
1255.179036	0.148377793
1255.179036	0.148397799
1255.179036	0.148417806
1253.222244	0.148437813
1253.222244	0.148457819
1253.222244	0.148477826
1253.222244	0.148497833
1253.222244	0.148517839
1253.222244	0.148537846
1253.222244	0.148557853
1253.222244	0.148577859
1253.222244	0.148597866
1253.222244	0.148617873
1253.222244	0.148637879
1253.222244	0.148657886
1253.222244	0.148677893
1253.222244	0.148697899
1253.222244	0.148717906
1253.222244	0.148737913
1253.222244	0.148757919
1253.222244	0.148777926
1253.222244	0.148797933
1253.222244	0.148817939
1253.222244	0.148837946
1253.222244	0.148857953
1253.222244	0.148877959
1253.222244	0.148897966
1253.222244	0.148917973
1253.222244	0.148937979
1253.222244	0.148957986
1253.222244	0.148977993
1253.222244	0.148997999
1253.222244	0.149018006
1253.222244	0.149038013
1253.222244	0.149058019
1253.222244	0.149078026
1253.222244	0.149098033
1253.222244	0.149118039
1253.222244	0.149138046
1253.222244	0.149158053
1253.222244	0.149178059
1253.222244	0.149198066
1253.222244	0.149218073
1253.222244	0.149238079
1253.222244	0.149258086
1253.222244	0.149278093
1253.222244	0.149298099
1253.222244	0.149318106
1251.265453	0.149338113
1251.265453	0.149358119
1251.265453	0.149378126
1251.265453	0.149398133
1251.265453	0.149418139
1251.265453	0.149438146
1251.265453	0.149458153
1251.265453	0.149478159
1251.265453	0.149498166
1251.265453	0.149518173
1251.265453	0.149538179
1251.265453	0.149558186
1251.265453	0.149578193
1251.265453	0.149598199
1251.265453	0.149618206
1251.265453	0.149638213
1251.265453	0.149658219
1251.265453	0.149678226
1251.265453	0.149698233
1251.265453	0.149718239
1251.265453	0.149738246
1251.265453	0.149758253
1251.265453	0.149778259
1251.265453	0.149798266
1251.265453	0.149818273
1251.265453	0.149838279
1251.265453	0.149858286
1251.265453	0.149878293
1251.265453	0.149898299
1251.265453	0.149918306
1251.265453	0.149938313
1251.265453	0.149958319
1251.265453	0.149978326
1251.265453	0.149998333
1251.265453	0.150018339
1251.265453	0.150038346
1251.265453	0.150058353
1251.265453	0.150078359
1251.265453	0.150098366
1251.265453	0.150118373
1251.265453	0.150138379
1251.265453	0.150158386
1251.265453	0.150178393
1251.265453	0.150198399
1249.308662	0.150218406
1249.308662	0.150238413
1249.308662	0.150258419
1249.308662	0.150278426
1249.308662	0.150298433
1249.308662	0.150318439
1249.308662	0.150338446
1249.308662	0.150358453
1249.308662	0.150378459
1249.308662	0.150398466
1249.308662	0.150418473
1249.308662	0.150438479
1249.308662	0.150458486
1249.308662	0.150478493
1249.308662	0.150498499
1249.308662	0.150518506
1249.308662	0.150538513
1249.308662	0.15055852
1249.308662	0.150578526
1249.308662	0.150598533
1249.308662	0.15061854
1249.308662	0.150638546
1249.308662	0.150658553
1249.308662	0.15067856
1249.308662	0.150698566
1249.308662	0.150718573
1249.308662	0.15073858
1249.308662	0.150758586
1249.308662	0.150778593
1249.308662	0.1507986
1249.308662	0.150818606
1249.308662	0.150838613
1249.308662	0.15085862
1249.308662	0.150878626
1249.308662	0.150898633
1249.308662	0.15091864
1249.308662	0.150938646
1249.308662	0.150958653
1249.308662	0.15097866
1249.308662	0.150998666
1249.308662	0.151018673
1249.308662	0.15103868
1249.308662	0.151058686
1249.308662	0.151078693
1249.308662	0.1510987
1249.308662	0.151118706
1249.308662	0.151138713
1247.35187	0.15115872
1247.35187	0.151178726
1247.35187	0.151198733
1247.35187	0.15121874
1247.35187	0.151238746
1247.35187	0.151258753
1247.35187	0.15127876
1247.35187	0.151298766
1247.35187	0.151318773
1247.35187	0.15133878
1247.35187	0.151358786
1247.35187	0.151378793
1247.35187	0.1513988
1247.35187	0.151418806
1247.35187	0.151438813
1247.35187	0.15145882
1247.35187	0.151478826
1247.35187	0.151498833
1247.35187	0.15151884
1247.35187	0.151538846
1247.35187	0.151558853
1247.35187	0.15157886
1247.35187	0.151598866
1247.35187	0.151618873
1247.35187	0.15163888
1247.35187	0.151658886
1247.35187	0.151678893
1247.35187	0.1516989
1247.35187	0.151718906
1247.35187	0.151738913
1247.35187	0.15175892
1247.35187	0.151778926
1247.35187	0.151798933
1247.35187	0.15181894
1247.35187	0.151838946
1247.35187	0.151858953
1247.35187	0.15187896
1247.35187	0.151898966
1247.35187	0.151918973
1247.35187	0.15193898
1247.35187	0.151958986
1247.35187	0.151978993
1247.35187	0.151999
1247.35187	0.152019006
1247.35187	0.152039013
1247.35187	0.15205902
1247.35187	0.152079026
1245.395079	0.152099033
1245.395079	0.15211904
1245.395079	0.152139046
1245.395079	0.152159053
1245.395079	0.15217906
1245.395079	0.152199066
1245.395079	0.152219073
1245.395079	0.15223908
1245.395079	0.152259086
1245.395079	0.152279093
1245.395079	0.1522991
1245.395079	0.152319106
1245.395079	0.152339113
1245.395079	0.15235912
1245.395079	0.152379126
1245.395079	0.152399133
1245.395079	0.15241914
1245.395079	0.152439146
1245.395079	0.152459153
1245.395079	0.15247916
1245.395079	0.152499166
1245.395079	0.152519173
1245.395079	0.15253918
1245.395079	0.152559186
1245.395079	0.152579193
1245.395079	0.1525992
1245.395079	0.152619206
1245.395079	0.152639213
1245.395079	0.15265922
1245.395079	0.152679226
1245.395079	0.152699233
1245.395079	0.15271924
1245.395079	0.152739246
1245.395079	0.152759253
1245.395079	0.15277926
1245.395079	0.152799266
1245.395079	0.152819273
1245.395079	0.15283928
1245.395079	0.152859286
1245.395079	0.152879293
1245.395079	0.1528993
1245.395079	0.152919306
1245.395079	0.152939313
1245.395079	0.15295932
1245.395079	0.152979326
1245.395079	0.152999333
1245.395079	0.15301934
1245.395079	0.153039346
1245.395079	0.153059353
1243.438288	0.15307936
1243.438288	0.153099366
1243.438288	0.153119373
1243.438288	0.15313938
1243.438288	0.153159386
1243.438288	0.153179393
1243.438288	0.1531994
1243.438288	0.153219406
1243.438288	0.153239413
1243.438288	0.15325942
1243.438288	0.153279426
1243.438288	0.153299433
1243.438288	0.15331944
1243.438288	0.153339446
1243.438288	0.153359453
1243.438288	0.15337946
1243.438288	0.153399466
1243.438288	0.153419473
1243.438288	0.15343948
1243.438288	0.153459486
1243.438288	0.153479493
1243.438288	0.1534995
1243.438288	0.153519507
1243.438288	0.153539513
1243.438288	0.15355952
1243.438288	0.153579527
1243.438288	0.153599533
1243.438288	0.15361954
1243.438288	0.153639547
1243.438288	0.153659553
1243.438288	0.15367956
1243.438288	0.153699567
1243.438288	0.153719573
1243.438288	0.15373958
1243.438288	0.153759587
1243.438288	0.153779593
1243.438288	0.1537996
1243.438288	0.153819607
1243.438288	0.153839613
1243.438288	0.15385962
1243.438288	0.153879627
1243.438288	0.153899633
1243.438288	0.15391964
1243.438288	0.153939647
1243.438288	0.153959653
1243.438288	0.15397966
1243.438288	0.153999667
1243.438288	0.154019673
1243.438288	0.15403968
1241.481496	0.154059687
1241.481496	0.154079693
1241.481496	0.1540997
1241.481496	0.154119707
1241.481496	0.154139713
1241.481496	0.15415972
1241.481496	0.154179727
1241.481496	0.154199733
1241.481496	0.15421974
1241.481496	0.154239747
1241.481496	0.154259753
1241.481496	0.15427976
1241.481496	0.154299767
1241.481496	0.154319773
1241.481496	0.15433978
1241.481496	0.154359787
1241.481496	0.154379793
1241.481496	0.1543998
1241.481496	0.154419807
1241.481496	0.154439813
1241.481496	0.15445982
1241.481496	0.154479827
1241.481496	0.154499833
1241.481496	0.15451984
1241.481496	0.154539847
1241.481496	0.154559853
1241.481496	0.15457986
1241.481496	0.154599867
1241.481496	0.154619873
1241.481496	0.15463988
1241.481496	0.154659887
1241.481496	0.154679893
1241.481496	0.1546999
1241.481496	0.154719907
1241.481496	0.154739913
1241.481496	0.15475992
1241.481496	0.154779927
1241.481496	0.154799933
1241.481496	0.15481994
1241.481496	0.154839947
1241.481496	0.154859953
1241.481496	0.15487996
1241.481496	0.154899967
1241.481496	0.154919973
1241.481496	0.15493998
1241.481496	0.154959987
1241.481496	0.154979993
1241.481496	0.155
