Qmin	Rr
9864.417789	0.104459459
10006.57273	0.104514515
9496.875113	0.10456957
9018.100974	0.104624625
8792.680109	0.10467968
9033.001492	0.104734735
8691.652512	0.10478979
8258.015962	0.104844845
8372.412558	0.1048999
8271.6606	0.104954955
8386.246212	0.10501001
8176.619499	0.105065065
8078.223675	0.10512012
7981.011928	0.105175175
7683.643898	0.10523023
7495.703593	0.105285285
7405.501778	0.10534034
7133.501483	0.105395395
7512.221575	0.10545045
7421.820985	0.105505506
7332.508258	0.105560561
6886.63405	0.105615616
7067.076983	0.105670671
6640.996679	0.105725726
6644.652284	0.105780781
6732.99304	0.105835836
6489.263764	0.105890891
6492.835846	0.105945946
6337.509082	0.106001001
6340.997629	0.106056056
6189.30326	0.106111111
6118.188374	0.106166166
6121.556194	0.106221221
5903.208165	0.106276276
5906.457647	0.106331331
5909.708917	0.106386386
5912.961978	0.106441441
5916.216828	0.106496496
5848.239697	0.106551552
5781.04362	0.106606607
5642.744914	0.106661662
5645.851021	0.106716717
5384.876528	0.106771772
5323.004479	0.106826827
5519.891917	0.106881882
5264.739773	0.106936937
5267.637803	0.106991992
5207.112823	0.107047047
5209.979132	0.107102102
5150.116647	0.107157157
5152.951582	0.107212212
5035.217392	0.107267267
4920.173182	0.107322322
5099.353694	0.107377377
4982.844104	0.107432432
4813.051909	0.107487487
4871.676704	0.107542543
4931.015571	0.107597598
4708.262864	0.107652653
4821.004467	0.107707708
4768.234568	0.107762763
4713.447714	0.107817818
4716.04228	0.107872873
4557.848988	0.107927928
4507.959544	0.107982983
4613.365314	0.108038038
4562.868199	0.108093093
4461.070474	0.108148148
4412.240351	0.108203203
4363.944716	0.108258258
4366.346894	0.108313313
4417.099215	0.108368368
4368.750395	0.108423423
4320.930792	0.108478478
4226.856135	0.108533534
4275.987082	0.108588589
4229.182851	0.108643644
4091.821657	0.108698699
4185.193447	0.108753754
4049.261001	0.108808809
4141.661594	0.108863864
4051.489958	0.108918919
3965.463155	0.108973974
4009.348808	0.109029029
3924.216804	0.109084084
4011.555796	0.109139139
3926.37693	0.109194194
3843.006698	0.109249249
3928.538244	0.109304304
3845.122121	0.109359359
3805.127484	0.109414414
3847.238708	0.109469469
3807.222056	0.109524525
3767.621633	0.10957958
3809.317781	0.109634635
3689.652202	0.10968969
3651.27467	0.109744745
3730.485464	0.1097998
3653.284551	0.109854855
3615.285293	0.10990991
3655.29554	0.109964965
3617.275364	0.11002002
3542.41729	0.110075075
3619.266531	0.11013013
3581.621108	0.110185185
3544.36725	0.11024024
3472.928637	0.110295295
3546.318283	0.11035035
3438.697157	0.110405405
3474.840346	0.11046046
3404.803085	0.110515516
3404.803085	0.110570571
3371.243096	0.110625626
3371.243096	0.110680681
3338.013896	0.110735736
3373.098831	0.110790791
3373.098831	0.110845846
3339.85134	0.110900901
3339.85134	0.110955956
3306.931558	0.111011011
3274.336255	0.111066066
3242.062233	0.111121121
3210.106325	0.111176176
3276.138647	0.111231231
3243.846859	0.111286286
3211.873361	0.111341341
3180.215014	0.111396396
3148.868713	0.111451451
3181.965596	0.111506507
3119.547625	0.111561562
3150.602041	0.111616617
3150.602041	0.111671672
3090.499563	0.111726727
3090.499563	0.111781782
3090.499563	0.111836837
3061.721986	0.111891892
3061.721986	0.111946947
3061.721986	0.112002002
3003.315029	0.112057057
3033.212375	0.112112112
2975.349282	0.112167167
3004.968235	0.112222222
3004.968235	0.112277277
3004.968235	0.112332332
2976.987094	0.112387387
2976.987094	0.112442442
2949.266502	0.112497497
2949.266502	0.112552553
2921.804035	0.112607608
2894.597288	0.112662663
2867.643879	0.112717718
2867.643879	0.112772773
2867.643879	0.112827828
2842.505277	0.112882883
2842.505277	0.112937938
2816.03693	0.112992993
2842.505277	0.113048048
2842.505277	0.113103103
2816.03693	0.113158158
2791.350729	0.113213213
2765.358714	0.113268268
2791.350729	0.113323323
2791.350729	0.113378378
2741.116773	0.113433433
2741.116773	0.113488488
2741.116773	0.113543544
2741.116773	0.113598599
2717.087344	0.113653654
2717.087344	0.113708709
2717.087344	0.113763764
2717.087344	0.113818819
2693.268564	0.113873874
2693.268564	0.113928929
2693.268564	0.113983984
2669.658586	0.114039039
2669.658586	0.114094094
2646.25558	0.114149149
2646.25558	0.114204204
2646.25558	0.114259259
2600.063243	0.114314314
2623.057732	0.114369369
2577.27033	0.114424424
2577.27033	0.114479479
2600.063243	0.114534535
2600.063243	0.11458959
2577.27033	0.114644645
2577.27033	0.1146997
2533.676102	0.114754755
2533.676102	0.11480981
2533.676102	0.114864865
2533.676102	0.11491992
2533.676102	0.114974975
2533.676102	0.11503003
2490.819265	0.115085085
2490.819265	0.11514014
2490.819265	0.115195195
2490.819265	0.11525025
2490.819265	0.115305305
2490.819265	0.11536036
2448.687346	0.115415415
2448.687346	0.11547047
2448.687346	0.115525526
2428.557528	0.115580581
2428.557528	0.115635636
2428.557528	0.115690691
2408.59319	0.115745746
2408.59319	0.115800801
2408.59319	0.115855856
2408.59319	0.115910911
2408.59319	0.115965966
2408.59319	0.116021021
2388.792971	0.116076076
2388.792971	0.116131131
2388.792971	0.116186186
2369.155524	0.116241241
2369.155524	0.116296296
2369.155524	0.116351351
2349.679509	0.116406406
2349.679509	0.116461461
2349.679509	0.116516517
2349.679509	0.116571572
2312.478708	0.116626627
2312.478708	0.116681682
2312.478708	0.116736737
2312.478708	0.116791792
2312.478708	0.116846847
2312.478708	0.116901902
2293.468614	0.116956957
2275.866881	0.117012012
2275.866881	0.117067067
2275.866881	0.117122122
2275.866881	0.117177177
2275.866881	0.117232232
2275.866881	0.117287287
2239.834703	0.117342342
2239.834703	0.117397397
2239.834703	0.117452452
2239.834703	0.117507508
2239.834703	0.117562563
2239.834703	0.117617618
2222.644595	0.117672673
2205.586416	0.117727728
2205.586416	0.117782783
2205.586416	0.117837838
2205.586416	0.117892893
2188.659154	0.117947948
2188.659154	0.118003003
2188.659154	0.118058058
2171.861804	0.118113113
2171.861804	0.118168168
2171.861804	0.118223223
2171.861804	0.118278278
2155.193369	0.118333333
2155.193369	0.118388388
2155.193369	0.118443443
2155.193369	0.118498498
2155.193369	0.118553554
2138.65286	0.118608609
2138.65286	0.118663664
2138.65286	0.118718719
2138.65286	0.118773774
2138.65286	0.118828829
2122.239294	0.118883884
2107.110941	0.118938939
2107.110941	0.118993994
2122.239294	0.119049049
2107.110941	0.119104104
2107.110941	0.119159159
2090.939451	0.119214214
2090.939451	0.119269269
2090.939451	0.119324324
2090.939451	0.119379379
2076.034218	0.119434434
2076.034218	0.119489489
2061.235237	0.119544545
2061.235237	0.1195996
2061.235237	0.119654655
2061.235237	0.11970971
2046.541751	0.119764765
2060.101233	0.11981982
2060.101233	0.119874875
2045.41583	0.11992993
2045.41583	0.119984985
2045.41583	0.12004004
2045.41583	0.120095095
2030.835112	0.12015015
2030.835112	0.120205205
2030.835112	0.12026026
2016.358333	0.120315315
2016.358333	0.12037037
2016.358333	0.120425425
2016.358333	0.12048048
2001.98475	0.120535536
2001.98475	0.120590591
2001.98475	0.120645646
2001.98475	0.120700701
2001.98475	0.120755756
1987.71363	0.120810811
1974.630599	0.120865866
1987.71363	0.120920921
1987.71363	0.120975976
1973.544241	0.121031031
1960.554472	0.121086086
1960.554472	0.121141141
1960.554472	0.121196196
1960.554472	0.121251251
1960.554472	0.121306306
1947.650201	0.121361361
1959.475859	0.121416416
1946.578687	0.121471471
1946.578687	0.121526527
1946.578687	0.121581582
1933.766404	0.121636637
1933.766404	0.121691692
1933.766404	0.121746747
1921.038451	0.121801802
1932.702528	0.121856857
1932.702528	0.121911912
1919.981577	0.121966967
1919.981577	0.122022022
1919.981577	0.122077077
1919.981577	0.122132132
1907.344355	0.122187187
1907.344355	0.122242242
1894.79031	0.122297297
1894.79031	0.122352352
1894.79031	0.122407407
1894.79031	0.122462462
1882.318896	0.122517518
1882.318896	0.122572573
1882.318896	0.122627628
1882.318896	0.122682683
1882.318896	0.122737738
1869.929568	0.122792793
1869.929568	0.122847848
1869.929568	0.122902903
1869.929568	0.122957958
1857.621785	0.123013013
1857.621785	0.123068068
1857.621785	0.123123123
1857.621785	0.123178178
1857.621785	0.123233233
1856.599801	0.123288288
1856.599801	0.123343343
1845.395012	0.123398398
1845.395012	0.123453453
1845.395012	0.123508509
1834.257846	0.123563564
1844.379754	0.123618619
1833.248715	0.123673674
1833.248715	0.123728729
1833.248715	0.123783784
1822.184853	0.123838839
1822.184853	0.123893894
1822.184853	0.123948949
1821.182364	0.124004004
1821.182364	0.124059059
1821.182364	0.124114114
1810.191324	0.124169169
1810.191324	0.124224224
1810.191324	0.124279279
1799.266616	0.124334334
1799.266616	0.124389389
1799.266616	0.124444444
1799.266616	0.124499499
1798.276736	0.124554555
1798.276736	0.12460961
1798.276736	0.124664665
1787.423933	0.12471972
1787.423933	0.124774775
1787.423933	0.12482983
1787.423933	0.124884885
1776.636629	0.12493994
1776.636629	0.124994995
1776.636629	0.12505005
1776.636629	0.125105105
1765.914427	0.12516016
1765.914427	0.125215215
1765.914427	0.12527027
1765.914427	0.125325325
1765.914427	0.12538038
1755.256935	0.125435435
1755.256935	0.12549049
1755.256935	0.125545546
1755.256935	0.125600601
1754.291267	0.125655656
1754.291267	0.125710711
1754.291267	0.125765766
1744.663762	0.125820821
1744.663762	0.125875876
1744.663762	0.125930931
1743.703922	0.125985986
1743.703922	0.126041041
1734.13452	0.126096096
1734.13452	0.126151151
1734.13452	0.126206206
1724.617634	0.126261261
1733.180473	0.126316316
1723.668823	0.126371371
1723.668823	0.126426426
1723.668823	0.126481481
1723.668823	0.126536537
1714.209373	0.126591592
1714.209373	0.126646647
1714.209373	0.126701702
1713.266287	0.126756757
1713.266287	0.126811812
1713.266287	0.126866867
1713.266287	0.126921922
1703.863926	0.126976977
1703.863926	0.127032032
1703.863926	0.127087087
1694.513165	0.127142142
1694.513165	0.127197197
1694.513165	0.127252252
1694.513165	0.127307307
1693.580916	0.127362362
1693.580916	0.127417417
1693.580916	0.127472472
1693.580916	0.127527528
1684.286587	0.127582583
1684.286587	0.127637638
1684.286587	0.127692693
1684.286587	0.127747748
1675.043266	0.127802803
1675.043266	0.127857858
1675.043266	0.127912913
1675.043266	0.127967968
1674.121728	0.128023023
1674.121728	0.128078078
1674.121728	0.128133133
1665.850671	0.128188188
1665.850671	0.128243243
1664.934191	0.128298298
1664.934191	0.128353353
1664.934191	0.128408408
1656.708526	0.128463463
1656.708526	0.128518519
1656.708526	0.128573574
1655.797075	0.128628629
1655.797075	0.128683684
1655.797075	0.128738739
1647.616552	0.128793794
1647.616552	0.128848849
1646.710103	0.128903904
1646.710103	0.128958959
1646.710103	0.129014014
1646.710103	0.129069069
1638.574475	0.129124124
1638.574475	0.129179179
1638.574475	0.129234234
1637.673001	0.129289289
1637.673001	0.129344344
1629.58202	0.129399399
1629.58202	0.129454454
1629.58202	0.12950951
1629.58202	0.129564565
1621.531013	0.12961962
1621.531013	0.129674675
1621.531013	0.12972973
1621.531013	0.129784785
1620.638916	0.12983984
1620.638916	0.129894895
1620.638916	0.12994995
1620.638916	0.130005005
1612.632093	0.13006006
1612.632093	0.130115115
1612.632093	0.13017017
1612.632093	0.130225225
1604.664828	0.13028028
1604.664828	0.130335335
1604.664828	0.13039039
1604.664828	0.130445445
1603.782009	0.130500501
1603.782009	0.130555556
1603.782009	0.130610611
1603.782009	0.130665666
1595.858468	0.130720721
1595.858468	0.130775776
1595.858468	0.130830831
1595.858468	0.130885886
1595.858468	0.130940941
1594.980495	0.130995996
1587.974074	0.131051051
1587.974074	0.131106106
1587.974074	0.131161161
1587.974074	0.131216216
1587.100438	0.131271271
1587.100438	0.131326326
1587.100438	0.131381381
1580.128633	0.131436436
1580.128633	0.131491491
1579.259313	0.131546547
1579.259313	0.131601602
1579.259313	0.131656657
1572.321952	0.131711712
1572.321952	0.131766767
1572.321952	0.131821822
1571.456927	0.131876877
1571.456927	0.131931932
1571.456927	0.131986987
1571.456927	0.132042042
1564.553841	0.132097097
1564.553841	0.132152152
1564.553841	0.132207207
1563.69309	0.132262262
1563.69309	0.132317317
1563.69309	0.132372372
1563.69309	0.132427427
1556.824108	0.132482482
1556.824108	0.132537538
1556.824108	0.132592593
1555.967609	0.132647648
1549.9853	0.132702703
1555.967609	0.132757758
1549.132564	0.132812813
1549.132564	0.132867868
1549.132564	0.132922923
1549.132564	0.132977978
1549.132564	0.133033033
1542.327543	0.133088088
1542.327543	0.133143143
1542.327543	0.133198198
1542.327543	0.133253253
1541.47902	0.133308308
1541.47902	0.133363363
1541.47902	0.133418418
1541.47902	0.133473473
1534.70762	0.133528529
1534.70762	0.133583584
1534.70762	0.133638639
1534.70762	0.133693694
1534.70762	0.133748749
1527.965966	0.133803804
1527.965966	0.133858859
1527.965966	0.133913914
1527.965966	0.133968969
1527.125344	0.134024024
1527.125344	0.134079079
1527.125344	0.134134134
1521.253926	0.134189189
1521.253926	0.134244244
1520.416997	0.134299299
1520.416997	0.134354354
1520.416997	0.134409409
1520.416997	0.134464464
1520.416997	0.13451952
1514.57137	0.134574575
1513.738118	0.13462963
1513.738118	0.134684685
1513.738118	0.13473974
1513.738118	0.134794795
1513.738118	0.13484985
1512.905323	0.134904905
1512.905323	0.13495996
1507.088578	0.135015015
1507.088578	0.13507007
1507.088578	0.135125125
1507.088578	0.13518018
1506.259442	0.135235235
1506.259442	0.13529029
1506.259442	0.135345345
1506.259442	0.1354004
1500.468248	0.135455455
1500.468248	0.135510511
1500.468248	0.135565566
1499.642754	0.135620621
1499.642754	0.135675676
1499.642754	0.135730731
1499.642754	0.135785786
1493.877	0.135840841
1493.877	0.135895896
1493.877	0.135950951
1493.877	0.136006006
1493.055132	0.136061061
1488.133413	0.136116116
1493.055132	0.136171171
1487.314706	0.136226226
1487.314706	0.136281281
1487.314706	0.136336336
1487.314706	0.136391391
1487.314706	0.136446446
1481.596349	0.136501502
1481.596349	0.136556557
1481.596349	0.136611612
1481.596349	0.136666667
1480.781238	0.136721722
1480.781238	0.136776777
1480.781238	0.136831832
1480.781238	0.136886887
1475.088002	0.136941942
1475.088002	0.136996997
1475.088002	0.137052052
1475.088002	0.137107107
1475.088002	0.137162162
1474.276471	0.137217217
1474.276471	0.137272272
1469.416654	0.137327327
1474.276471	0.137382382
1469.416654	0.137437437
1468.608244	0.137492492
1468.608244	0.137547548
1468.608244	0.137602603
1468.608244	0.137657658
1468.608244	0.137712713
1467.800278	0.137767768
1462.961809	0.137822823
1462.961809	0.137877878
1462.961809	0.137932933
1462.961809	0.137987988
1462.961809	0.138043043
1462.15695	0.138098098
1462.15695	0.138153153
1462.15695	0.138208208
1457.337084	0.138263263
1457.337084	0.138318318
1457.337084	0.138373373
1456.535319	0.138428428
1456.535319	0.138483483
1456.535319	0.138538539
1451.733985	0.138593594
1451.733985	0.138648649
1451.733985	0.138703704
1450.935302	0.138758759
1450.935302	0.138813814
1450.935302	0.138868869
1450.935302	0.138923924
1450.935302	0.138978979
1446.152428	0.139034034
1446.152428	0.139089089
1445.356816	0.139144144
1445.356816	0.139199199
1445.356816	0.139254254
1445.356816	0.139309309
1445.356816	0.139364364
1445.356816	0.139419419
1440.59233	0.139474474
1440.59233	0.13952953
1439.799778	0.139584585
1439.799778	0.13963964
1439.799778	0.139694695
1439.799778	0.13974975
1439.799778	0.139804805
1435.05361	0.13985986
1435.05361	0.139914915
1435.05361	0.13996997
1435.05361	0.140025025
1434.264105	0.14008008
1434.264105	0.140135135
1434.264105	0.14019019
1434.264105	0.140245245
1429.536185	0.1403003
1429.536185	0.140355355
1429.536185	0.14041041
1429.536185	0.140465465
1429.536185	0.140520521
1428.749715	0.140575576
1428.749715	0.140630631
1428.749715	0.140685686
1428.749715	0.140740741
1428.749715	0.140795796
1424.039973	0.140850851
1424.039973	0.140905906
1424.039973	0.140960961
1424.039973	0.141016016
1424.039973	0.141071071
1423.256527	0.141126126
1423.256527	0.141181181
1423.256527	0.141236236
1419.345756	0.141291291
1419.345756	0.141346346
1418.564893	0.141401401
1418.564893	0.141456456
1418.564893	0.141511512
1418.564893	0.141566567
1418.564893	0.141621622
1413.888724	0.141676677
1413.888724	0.141731732
1413.888724	0.141786787
1413.888724	0.141841842
1413.888724	0.141896897
1413.888724	0.141951952
1413.110863	0.142007007
1413.110863	0.142062062
1413.110863	0.142117117
1409.22797	0.142172172
1409.22797	0.142227227
1409.22797	0.142282282
1408.452673	0.142337337
1408.452673	0.142392392
1408.452673	0.142447447
1408.452673	0.142502503
1408.452673	0.142557558
1404.58258	0.142612613
1404.58258	0.142667668
1403.809838	0.142722723
1403.809838	0.142777778
1403.809838	0.142832833
1403.809838	0.142887888
1403.809838	0.142942943
1403.809838	0.142997998
1403.037522	0.143053053
1403.037522	0.143108108
1399.182308	0.143163163
1399.182308	0.143218218
1399.182308	0.143273273
1399.182308	0.143328328
1399.182308	0.143383383
1398.412537	0.143438438
1398.412537	0.143493493
1398.412537	0.143548549
1398.412537	0.143603604
1394.570032	0.143658659
1394.570032	0.143713714
1394.570032	0.143768769
1394.570032	0.143823824
1393.802799	0.143878879
1393.802799	0.143933934
1393.802799	0.143988989
1393.802799	0.144044044
1389.97296	0.144099099
1389.97296	0.144154154
1389.97296	0.144209209
1389.97296	0.144264264
1389.97296	0.144319319
1389.208256	0.144374374
1389.208256	0.144429429
1389.208256	0.144484484
1389.208256	0.14453954
1385.391042	0.144594595
1385.391042	0.14464965
1385.391042	0.144704705
1385.391042	0.14475976
1385.391042	0.144814815
1385.391042	0.14486987
1384.628859	0.144924925
1384.628859	0.14497998
1384.628859	0.145035035
1381.584317	0.14509009
1380.824228	0.145145145
1380.824228	0.1452002
1380.824228	0.145255255
1380.824228	0.14531031
1380.824228	0.145365365
1380.824228	0.14542042
1380.064558	0.145475475
1377.030052	0.145530531
1377.030052	0.145585586
1377.030052	0.145640641
1377.030052	0.145695696
1376.272468	0.145750751
1376.272468	0.145805806
1376.272468	0.145860861
1376.272468	0.145915916
1376.272468	0.145970971
1372.490799	0.146026026
1372.490799	0.146081081
1372.490799	0.146136136
1372.490799	0.146191191
1372.490799	0.146246246
1372.490799	0.146301301
1371.735713	0.146356356
1371.735713	0.146411411
1371.735713	0.146466466
1371.735713	0.146521522
1371.735713	0.146576577
1368.71952	0.146631632
1367.966509	0.146686687
1367.966509	0.146741742
1367.966509	0.146796797
1367.966509	0.146851852
1367.966509	0.146906907
1367.966509	0.146961962
1367.966509	0.147017017
1367.213912	0.147072072
1364.207662	0.147127127
1364.207662	0.147182182
1364.207662	0.147237237
1364.207662	0.147292292
1364.207662	0.147347347
1364.207662	0.147402402
1363.457133	0.147457457
1363.457133	0.147512513
1363.457133	0.147567568
1360.459144	0.147622623
1360.459144	0.147677678
1360.459144	0.147732733
1360.459144	0.147787788
1359.710677	0.147842843
1359.710677	0.147897898
1359.710677	0.147952953
1359.710677	0.148008008
1359.710677	0.148063063
1356.720926	0.148118118
1356.720926	0.148173173
1356.720926	0.148228228
1355.974516	0.148283283
1355.974516	0.148338338
1355.974516	0.148393393
1355.974516	0.148448448
1355.974516	0.148503504
1355.974516	0.148558559
1355.974516	0.148613614
1352.992979	0.148668669
1352.992979	0.148723724
1352.24862	0.148778779
1352.24862	0.148833834
1352.24862	0.148888889
1352.24862	0.148943944
1352.24862	0.148998999
1352.24862	0.149054054
1352.24862	0.149109109
1351.504671	0.149164164
1349.275276	0.149219219
1348.532962	0.149274274
1348.532962	0.149329329
1348.532962	0.149384384
1348.532962	0.149439439
1348.532962	0.149494494
1348.532962	0.14954955
1348.532962	0.149604605
1348.532962	0.14965966
1345.567789	0.149714715
1345.567789	0.14976977
1345.567789	0.149824825
1344.827515	0.14987988
1344.827515	0.149934935
1344.827515	0.14998999
1344.827515	0.150045045
1344.827515	0.1501001
1344.827515	0.150155155
1344.827515	0.15021021
1341.870488	0.150265265
1341.870488	0.15032032
1341.870488	0.150375375
1341.870488	0.15043043
1341.132248	0.150485485
1341.132248	0.150540541
1341.132248	0.150595596
1341.132248	0.150650651
1341.132248	0.150705706
1341.132248	0.150760761
1338.183347	0.150815816
1338.183347	0.150870871
1338.183347	0.150925926
1338.183347	0.150980981
1338.183347	0.151036036
1338.183347	0.151091091
1337.447136	0.151146146
1337.447136	0.151201201
1337.447136	0.151256256
1337.447136	0.151311311
1337.447136	0.151366366
1337.447136	0.151421421
1334.506338	0.151476476
1334.506338	0.151531532
1334.506338	0.151586587
1334.506338	0.151641642
1334.506338	0.151696697
1334.506338	0.151751752
1334.506338	0.151806807
1333.772149	0.151861862
1333.772149	0.151916917
1331.572006	0.151971972
1331.572006	0.152027027
1331.572006	0.152082082
1331.572006	0.152137137
1330.839431	0.152192192
1330.839431	0.152247247
1330.839431	0.152302302
1330.839431	0.152357357
1330.839431	0.152412412
1330.839431	0.152467467
1330.839431	0.152522523
1327.913162	0.152577578
1327.913162	0.152632633
1327.913162	0.152687688
1327.913162	0.152742743
1327.913162	0.152797798
1327.913162	0.152852853
1327.913162	0.152907908
1327.913162	0.152962963
1327.182601	0.153018018
1327.182601	0.153073073
1324.993328	0.153128128
1324.993328	0.153183183
1324.993328	0.153238238
1324.993328	0.153293293
1324.993328	0.153348348
1324.264373	0.153403403
1324.264373	0.153458458
1324.264373	0.153513514
1324.264373	0.153568569
1324.264373	0.153623624
1324.264373	0.153678679
1322.079913	0.153733734
1322.079913	0.153788789
1322.079913	0.153843844
1321.352561	0.153898899
1321.352561	0.153953954
1321.352561	0.154009009
1321.352561	0.154064064
1321.352561	0.154119119
1321.352561	0.154174174
1321.352561	0.154229229
1321.352561	0.154284284
1320.625609	0.154339339
1318.447152	0.154394394
1318.447152	0.154449449
1318.447152	0.154504505
1318.447152	0.15455956
1318.447152	0.154614615
1318.447152	0.15466967
1318.447152	0.154724725
1318.447152	0.15477978
1317.721799	0.154834835
1317.721799	0.15488989
1317.721799	0.154944945
1315.548131	0.155
