Qmin	Rr
9962.852413	0.079828276
9536.296054	0.079854952
9547.283741	0.079881627
8548.10398	0.079908303
9803.52439	0.079988329
7679.979776	0.080015005
7036.426139	0.080041681
7200.360214	0.080068356
7368.113613	0.080095032
8060.546098	0.080121707
6907.970289	0.080148383
7068.911611	0.080175058
6336.400541	0.080201734
7913.394081	0.080228409
7410.659114	0.080255085
5692.891444	0.080281761
5221.858073	0.080308436
6506.463925	0.080335112
6658.050985	0.080361787
5588.962944	0.080388463
6107.159715	0.080415138
4806.373746	0.080441814
4707.774557	0.080468489
5252.010508	0.080495165
4924.019153	0.080521841
4718.629369	0.080548516
4239.417093	0.080575192
4935.372565	0.080601867
4729.50921	0.080628543
4249.192004	0.080655218
4439.257398	0.080681894
4740.414136	0.08070857
3666.84859	0.080735245
3747.960139	0.080761921
3830.865895	0.080788596
3521.99974	0.080815272
4090.749694	0.080841947
4006.831001	0.080868623
3760.930231	0.080895298
3245.502134	0.080921974
3386.770483	0.08094865
3461.686639	0.080975325
3538.259958	0.081002001
3186.252775	0.081028676
3324.942152	0.081055352
3124.485043	0.081082027
3260.48583	0.081108703
3402.40638	0.081135378
3264.24255	0.081162054
3131.689232	0.08118873
3268.003599	0.081215405
3135.297553	0.081242081
3204.651069	0.081268756
3074.517623	0.081295432
2889.158333	0.081322107
3078.060072	0.081348783
2833.149984	0.081375458
2665.410025	0.081402134
2836.414329	0.08142881
2613.739193	0.081455485
2510.490557	0.081482161
2616.750734	0.081508836
2513.383135	0.081535512
2414.098791	0.081562187
2367.299802	0.081588863
2568.979759	0.081615539
2467.499222	0.081642214
2571.939728	0.08166889
2324.082763	0.081695565
2522.080882	0.081722241
2234.848234	0.081748916
2191.524142	0.081775592
2425.2441	0.081802267
2194.049209	0.081828943
2151.516034	0.081855619
2332.125422	0.081882294
2196.577184	0.08190897
2153.995004	0.081935645
2071.291095	0.081962321
2156.476829	0.081988996
2114.672022	0.082015672
2033.477942	0.082042347
2158.961514	0.082069023
2076.066913	0.082095699
1996.3551	0.082122374
2119.547864	0.08214905
2078.45895	0.082175725
1959.909966	0.082202401
2080.853743	0.082229076
2040.514942	0.082255752
1924.130169	0.082282427
2042.866016	0.082309103
1852.38391	0.082335779
1926.347145	0.082362454
1818.567091	0.08238913
1854.51822	0.082415805
1928.566675	0.082442481
1785.367627	0.082469156
1820.662438	0.082495832
1752.774246	0.082522508
1787.424721	0.082549183
1822.760199	0.082575859
1754.793786	0.082602534
1689.36168	0.08262921
1824.860377	0.082655885
1658.520968	0.082682561
1756.815653	0.082709236
1691.308157	0.082735912
1660.43191	0.082762588
1630.119336	0.082789263
1693.256876	0.082815939
1726.730756	0.082842614
1662.345054	0.08286929
1695.207841	0.082895965
1602.204072	0.082922641
1664.260402	0.082949316
1572.954495	0.082975992
1633.877935	0.083002668
1604.050126	0.083029343
1574.766848	0.083056019
1546.018161	0.083082694
1517.794305	0.08310937
1490.085699	0.083136045
1576.581289	0.083162721
1547.799477	0.083189396
1491.802571	0.083216072
1464.568466	0.083242748
1549.582847	0.083269423
1521.293914	0.083296099
1439.488207	0.083322774
1466.255937	0.08334945
1414.837439	0.083376125
1414.837439	0.083402801
1414.837439	0.083429476
1467.945351	0.083456152
1390.608808	0.083482828
1390.608808	0.083509503
1416.46761	0.083536179
1442.807264	0.083562854
1366.795084	0.08358953
1366.795084	0.083616205
1418.099659	0.083642881
1343.389162	0.083669557
1343.389162	0.083696232
1368.3699	0.083722908
1320.384059	0.083749583
1320.384059	0.083776259
1344.937011	0.083802934
1297.772912	0.08382961
1275.548972	0.083856285
1321.905401	0.083882961
1346.486642	0.083909637
1299.268201	0.083936312
1299.268201	0.083962988
1277.018655	0.083989663
1277.018655	0.084016339
1255.150126	0.084043014
1300.765213	0.08406969
1233.656088	0.084096365
1212.530128	0.084123041
1278.490032	0.084149717
1256.596305	0.084176392
1256.596305	0.084203068
1235.077502	0.084229743
1213.927201	0.084256419
1193.139092	0.084283094
1193.139092	0.08430977
1236.500554	0.084336445
1236.500554	0.084363121
1215.325884	0.084389797
1194.513823	0.084416472
1174.058162	0.084443148
1174.058162	0.084469823
1174.058162	0.084496499
1135.498542	0.084523174
1135.498542	0.08454985
1155.282378	0.084576526
1175.410908	0.084603201
1117.339412	0.084629877
1117.339412	0.084656552
1117.339412	0.084683228
1136.80686	0.084709903
1156.61349	0.084736579
1099.470686	0.084763254
1099.470686	0.08478993
1118.626806	0.084816606
1118.626806	0.084843281
1081.88772	0.084869957
1081.88772	0.084896632
1081.88772	0.084923308
1100.737492	0.084949983
1064.585945	0.084976659
1064.585945	0.085003334
1083.134267	0.08503001
1047.560864	0.085056686
1083.134267	0.085083361
1083.134267	0.085110037
1065.812557	0.085136712
1065.812557	0.085163388
1065.812557	0.085190063
1048.76786	0.085216739
1048.76786	0.085243414
1048.76786	0.08527009
1031.995744	0.085296766
1031.995744	0.085323441
1015.491852	0.085350117
1015.491852	0.085376792
999.2518936	0.085403468
999.2518936	0.085430143
1033.184806	0.085456819
1033.184806	0.085483494
1033.184806	0.08551017
1016.661898	0.085536846
1016.661898	0.085563521
1016.661898	0.085590197
1000.403228	0.085616872
1000.403228	0.085643548
1000.403228	0.085670223
984.40457	0.085696899
969.7778545	0.085723575
969.7778545	0.08575025
954.2689639	0.085776926
969.7778545	0.085803601
969.7778545	0.085830277
985.5387975	0.085856952
969.7778545	0.085883628
940.0900165	0.085910303
940.0900165	0.085936979
940.0900165	0.085963655
940.0900165	0.08599033
955.3684692	0.086017006
955.3684692	0.086043681
955.3684692	0.086070357
926.1217461	0.086097032
926.1217461	0.086123708
926.1217461	0.086150383
926.1217461	0.086177059
941.1731849	0.086203735
941.1731849	0.08623041
912.3610224	0.086257086
912.3610224	0.086283761
912.3610224	0.086310437
912.3610224	0.086337112
898.8047616	0.086363788
898.8047616	0.086390463
898.8047616	0.086417139
898.8047616	0.086443815
885.4499256	0.08647049
885.4499256	0.086497166
885.4499256	0.086523841
885.4499256	0.086550517
872.2935217	0.086577192
872.2935217	0.086603868
872.2935217	0.086630544
872.2935217	0.086657219
872.2935217	0.086683895
859.3326014	0.08671057
859.3326014	0.086737246
886.4701379	0.086763921
873.2985752	0.086790597
873.2985752	0.086817272
873.2985752	0.086843948
873.2985752	0.086870624
873.2985752	0.086897299
847.5396686	0.086923975
847.5396686	0.08695065
847.5396686	0.086977326
847.5396686	0.087004001
860.3227214	0.087030677
847.5396686	0.087057352
847.5396686	0.087084028
847.5396686	0.087110704
847.5396686	0.087137379
823.4882776	0.087164055
823.4882776	0.08719073
823.4882776	0.087217406
823.4882776	0.087244081
823.4882776	0.087270757
823.4882776	0.087297432
823.4882776	0.087324108
823.4882776	0.087350784
823.4882776	0.087377459
823.4882776	0.087404135
823.4882776	0.08743081
800.1194145	0.087457486
800.1194145	0.087484161
800.1194145	0.087510837
812.1872494	0.087537513
812.1872494	0.087564188
812.1872494	0.087590864
789.1390856	0.087617539
812.1872494	0.087644215
789.1390856	0.08767089
789.1390856	0.087697566
789.1390856	0.087724241
789.1390856	0.087750917
778.3094438	0.087777593
778.3094438	0.087804268
778.3094438	0.087830944
778.3094438	0.087857619
778.3094438	0.087884295
778.3094438	0.08791097
767.6284211	0.087937646
767.6284211	0.087964321
767.6284211	0.087990997
767.6284211	0.088017673
767.6284211	0.088044348
767.6284211	0.088071024
757.0939779	0.088097699
757.0939779	0.088124375
757.0939779	0.08815105
757.0939779	0.088177726
757.0939779	0.088204401
757.0939779	0.088231077
757.0939779	0.088257753
757.0939779	0.088284428
757.0939779	0.088311104
757.0939779	0.088337779
757.0939779	0.088364455
757.0939779	0.08839113
757.0939779	0.088417806
737.3053545	0.088444481
737.3053545	0.088471157
737.3053545	0.088497833
737.3053545	0.088524508
737.3053545	0.088551184
737.3053545	0.088577859
727.1870458	0.088604535
727.1870458	0.08863121
727.1870458	0.088657886
727.1870458	0.088684562
727.1870458	0.088711237
727.1870458	0.088737913
737.3053545	0.088764588
727.1870458	0.088791264
727.1870458	0.088817939
727.1870458	0.088844615
727.1870458	0.08887129
727.1870458	0.088897966
727.1870458	0.088924642
708.180118	0.088951317
708.180118	0.088977993
708.180118	0.089004668
708.180118	0.089031344
708.180118	0.089058019
708.180118	0.089084695
708.180118	0.08911137
699.2662703	0.089138046
699.2662703	0.089164722
699.2662703	0.089191397
699.2662703	0.089218073
699.2662703	0.089244748
699.2662703	0.089271424
699.2662703	0.089298099
699.2662703	0.089324775
699.2662703	0.08935145
699.2662703	0.089378126
699.2662703	0.089404802
699.2662703	0.089431477
699.2662703	0.089458153
699.2662703	0.089484828
690.464621	0.089511504
690.464621	0.089538179
690.464621	0.089564855
690.464621	0.089591531
690.464621	0.089618206
690.464621	0.089644882
690.464621	0.089671557
673.1922866	0.089698233
673.1922866	0.089724908
673.1922866	0.089751584
673.1922866	0.089778259
673.1922866	0.089804935
673.1922866	0.089831611
673.1922866	0.089858286
673.1922866	0.089884962
664.71883	0.089911637
664.71883	0.089938313
664.71883	0.089964988
664.71883	0.089991664
664.71883	0.090018339
664.71883	0.090045015
664.71883	0.090071691
656.3520286	0.090098366
656.3520286	0.090125042
656.3520286	0.090151717
656.3520286	0.090178393
656.3520286	0.090205068
656.3520286	0.090231744
656.3520286	0.090258419
656.3520286	0.090285095
656.3520286	0.090311771
656.3520286	0.090338446
656.3520286	0.090365122
656.3520286	0.090391797
656.3520286	0.090418473
648.0905399	0.090445148
648.0905399	0.090471824
648.0905399	0.090498499
648.0905399	0.090525175
648.0905399	0.090551851
648.0905399	0.090578526
648.0905399	0.090605202
648.0905399	0.090631877
648.0905399	0.090658553
640.6703671	0.090685228
632.6062632	0.090711904
632.6062632	0.09073858
632.6062632	0.090765255
632.6062632	0.090791931
632.6062632	0.090818606
632.6062632	0.090845282
632.6062632	0.090871957
632.6062632	0.090898633
632.6062632	0.090925308
632.6062632	0.090951984
632.6062632	0.09097866
632.6062632	0.091005335
632.6062632	0.091032011
632.6062632	0.091058686
632.6062632	0.091085362
625.3633742	0.091112037
625.3633742	0.091138713
625.3633742	0.091165388
625.3633742	0.091192064
625.3633742	0.09121874
625.3633742	0.091245415
617.491939	0.091272091
617.491939	0.091298766
617.491939	0.091325442
617.491939	0.091352117
617.491939	0.091378793
617.491939	0.091405468
617.491939	0.091432144
617.491939	0.09145882
617.491939	0.091485495
617.491939	0.091512171
610.4220983	0.091538846
610.4220983	0.091565522
610.4220983	0.091592197
610.4220983	0.091618873
610.4220983	0.091645549
610.4220983	0.091672224
610.4220983	0.0916989
610.4220983	0.091725575
603.4332021	0.091752251
603.4332021	0.091778926
603.4332021	0.091805602
603.4332021	0.091832277
603.4332021	0.091858953
603.4332021	0.091885629
603.4332021	0.091912304
603.4332021	0.09193898
596.5243238	0.091965655
596.5243238	0.091992331
596.5243238	0.092019006
596.5243238	0.092045682
596.5243238	0.092072357
596.5243238	0.092099033
596.5243238	0.092125709
596.5243238	0.092152384
596.5243238	0.09217906
589.6945472	0.092205735
589.6945472	0.092232411
589.6945472	0.092259086
589.6945472	0.092285762
589.6945472	0.092312437
589.6945472	0.092339113
589.6945472	0.092365789
589.6945472	0.092392464
589.6945472	0.09241914
583.6146314	0.092445815
583.6146314	0.092472491
576.9326616	0.092499166
576.9326616	0.092525842
576.9326616	0.092552518
576.9326616	0.092579193
576.9326616	0.092605869
576.9326616	0.092632544
576.9326616	0.09265922
576.9326616	0.092685895
576.9326616	0.092712571
576.9326616	0.092739246
576.9326616	0.092765922
576.9326616	0.092792598
576.9326616	0.092819273
576.9326616	0.092845949
576.9326616	0.092872624
570.3271955	0.0928993
570.3271955	0.092925975
570.3271955	0.092952651
570.3271955	0.092979326
564.4469626	0.093006002
564.4469626	0.093032678
564.4469626	0.093059353
564.4469626	0.093086029
564.4469626	0.093112704
570.3271955	0.09313938
564.4469626	0.093166055
564.4469626	0.093192731
564.4469626	0.093219406
558.6273565	0.093246082
558.6273565	0.093272758
558.6273565	0.093299433
558.6273565	0.093326109
558.6273565	0.093352784
558.6273565	0.09337946
558.6273565	0.093406135
558.6273565	0.093432811
558.6273565	0.093459486
557.9844488	0.093486162
552.8677522	0.093512838
552.8677522	0.093539513
557.9844488	0.093566189
557.9844488	0.093592864
557.9844488	0.09361954
552.2314731	0.093646215
552.2314731	0.093672891
552.2314731	0.093699567
552.2314731	0.093726242
552.2314731	0.093752918
552.2314731	0.093779593
552.2314731	0.093806269
552.2314731	0.093832944
552.2314731	0.09385962
552.2314731	0.093886295
546.5378121	0.093912971
546.5378121	0.093939647
546.5378121	0.093966322
546.5378121	0.093992998
546.5378121	0.094019673
546.5378121	0.094046349
546.5378121	0.094073024
546.5378121	0.0940997
546.5378121	0.094126375
546.5378121	0.094153051
540.9028544	0.094179727
540.9028544	0.094206402
540.9028544	0.094233078
540.9028544	0.094259753
540.9028544	0.094286429
540.9028544	0.094313104
540.9028544	0.09433978
540.9028544	0.094366455
540.9028544	0.094393131
540.9028544	0.094419807
535.3259947	0.094446482
535.3259947	0.094473158
535.3259947	0.094499833
535.3259947	0.094526509
535.3259947	0.094553184
530.4170753	0.09457986
530.4170753	0.094606536
535.3259947	0.094633211
535.3259947	0.094659887
535.3259947	0.094686562
530.4170753	0.094713238
530.4170753	0.094739913
530.4170753	0.094766589
530.4170753	0.094793264
530.4170753	0.09481994
524.9483269	0.094846616
524.9483269	0.094873291
524.9483269	0.094899967
524.9483269	0.094926642
524.9483269	0.094953318
524.9483269	0.094979993
524.9483269	0.095006669
524.9483269	0.095033344
524.9483269	0.09506002
524.9483269	0.095086696
524.9483269	0.095113371
520.1345703	0.095140047
520.1345703	0.095166722
520.1345703	0.095193398
520.1345703	0.095220073
520.1345703	0.095246749
520.1345703	0.095273424
519.5359628	0.0953001
519.5359628	0.095326776
519.5359628	0.095353451
519.5359628	0.095380127
519.5359628	0.095406802
519.5359628	0.095433478
519.5359628	0.095460153
519.5359628	0.095486829
519.5359628	0.095513505
519.5359628	0.09554018
514.7718374	0.095566856
514.7718374	0.095593531
514.7718374	0.095620207
514.7718374	0.095646882
514.7718374	0.095673558
510.0513989	0.095700233
510.0513989	0.095726909
510.0513989	0.095753585
510.0513989	0.09578026
510.0513989	0.095806936
510.0513989	0.095833611
510.0513989	0.095860287
510.0513989	0.095886962
510.0513989	0.095913638
510.0513989	0.095940313
510.0513989	0.095966989
505.3742466	0.095993665
505.3742466	0.09602034
505.3742466	0.096047016
505.3742466	0.096073691
509.4643958	0.096100367
505.3742466	0.096127042
505.3742466	0.096153718
505.3742466	0.096180393
504.7926263	0.096207069
504.7926263	0.096233745
504.7926263	0.09626042
504.7926263	0.096287096
500.7399836	0.096313771
504.7926263	0.096340447
504.7926263	0.096367122
504.7926263	0.096393798
504.7926263	0.096420473
500.7399836	0.096447149
500.1636967	0.096473825
500.1636967	0.0965005
500.1636967	0.096527176
500.1636967	0.096553851
500.1636967	0.096580527
496.1482166	0.096607202
500.1636967	0.096633878
500.1636967	0.096660554
500.1636967	0.096687229
500.1636967	0.096713905
496.1482166	0.09674058
495.5772143	0.096767256
495.5772143	0.096793931
495.5772143	0.096820607
495.5772143	0.096847282
495.5772143	0.096873958
495.5772143	0.096900634
491.598556	0.096927309
495.5772143	0.096953985
495.5772143	0.09698066
495.5772143	0.097007336
495.5772143	0.097034011
491.598556	0.097060687
491.598556	0.097087362
491.598556	0.097114038
491.0327897	0.097140714
491.0327897	0.097167389
491.0327897	0.097194065
487.0906156	0.09722074
487.0906156	0.097247416
487.0906156	0.097274091
487.0906156	0.097300767
487.0906156	0.097327442
491.0327897	0.097354118
487.0906156	0.097380794
487.0906156	0.097407469
487.0906156	0.097434145
487.0906156	0.09746082
487.0906156	0.097487496
487.0906156	0.097514171
487.0906156	0.097540847
483.1800905	0.097567523
486.5300374	0.097594198
486.5300374	0.097620874
486.5300374	0.097647549
482.6240128	0.097674225
482.6240128	0.0977009
482.6240128	0.097727576
482.6240128	0.097754251
482.6240128	0.097780927
482.6240128	0.097807603
482.6240128	0.097834278
482.6240128	0.097860954
478.7493471	0.097887629
478.7493471	0.097914305
478.7493471	0.09794098
478.7493471	0.097967656
478.7493471	0.097994331
478.7493471	0.098021007
478.7493471	0.098047683
478.7493471	0.098074358
478.7493471	0.098101034
478.7493471	0.098127709
478.1983686	0.098154385
478.1983686	0.09818106
478.1983686	0.098207736
478.1983686	0.098234411
478.1983686	0.098261087
478.1983686	0.098287763
478.1983686	0.098314438
474.3592334	0.098341114
474.3592334	0.098367789
474.3592334	0.098394465
474.3592334	0.09842114
474.3592334	0.098447816
474.3592334	0.098474491
474.3592334	0.098501167
474.3592334	0.098527843
474.3592334	0.098554518
474.3592334	0.098581194
474.3592334	0.098607869
470.5509201	0.098634545
470.5509201	0.09866122
470.5509201	0.098687896
470.5509201	0.098714572
470.5509201	0.098741247
470.5509201	0.098767923
470.5509201	0.098794598
470.5509201	0.098821274
470.5509201	0.098847949
470.5509201	0.098874625
466.7731812	0.0989013
466.7731812	0.098927976
466.7731812	0.098954652
466.7731812	0.098981327
466.7731812	0.099008003
466.7731812	0.099034678
466.7731812	0.099061354
466.7731812	0.099088029
466.7731812	0.099114705
466.7731812	0.09914138
466.7731812	0.099168056
466.7731812	0.099194732
466.7731812	0.099221407
463.0257712	0.099248083
463.0257712	0.099274758
463.0257712	0.099301434
463.0257712	0.099328109
463.0257712	0.099354785
463.0257712	0.09938146
463.0257712	0.099408136
463.0257712	0.099434812
463.0257712	0.099461487
463.0257712	0.099488163
463.0257712	0.099514838
463.0257712	0.099541514
462.4928885	0.099568189
459.3084466	0.099594865
459.3084466	0.099621541
459.3084466	0.099648216
459.3084466	0.099674892
459.3084466	0.099701567
459.3084466	0.099728243
459.3084466	0.099754918
459.3084466	0.099781594
459.3084466	0.099808269
459.3084466	0.099834945
459.3084466	0.099861621
459.3084466	0.099888296
459.3084466	0.099914972
458.7798421	0.099941647
458.7798421	0.099968323
458.7798421	0.099994998
458.7798421	0.100021674
458.7798421	0.100048349
455.620966	0.100075025
455.620966	0.100101701
455.620966	0.100128376
455.620966	0.100155052
455.620966	0.100181727
455.620966	0.100208403
455.620966	0.100235078
455.620966	0.100261754
455.620966	0.100288429
455.620966	0.100315105
452.48384	0.100341781
452.48384	0.100368456
452.48384	0.100395132
452.48384	0.100421807
451.9630897	0.100448483
451.9630897	0.100475158
451.9630897	0.100501834
451.9630897	0.10052851
451.9630897	0.100555185
451.9630897	0.100581861
451.9630897	0.100608536
451.9630897	0.100635212
451.9630897	0.100661887
451.9630897	0.100688563
448.8511496	0.100715238
448.8511496	0.100741914
448.8511496	0.10076859
448.8511496	0.100795265
448.8511496	0.100821941
448.8511496	0.100848616
448.8511496	0.100875292
448.8511496	0.100901967
448.8511496	0.100928643
448.8511496	0.100955318
448.8511496	0.100981994
448.3345801	0.10100867
448.3345801	0.101035345
448.3345801	0.101062021
448.3345801	0.101088696
448.3345801	0.101115372
448.3345801	0.101142047
448.3345801	0.101168723
445.2476236	0.101195398
445.2476236	0.101222074
445.2476236	0.10124875
445.2476236	0.101275425
445.2476236	0.101302101
445.2476236	0.101328776
445.2476236	0.101355452
445.2476236	0.101382127
445.2476236	0.101408803
445.2476236	0.101435478
445.2476236	0.101462154
445.2476236	0.10148883
442.181922	0.101515505
442.181922	0.101542181
442.181922	0.101568856
442.181922	0.101595532
442.181922	0.101622207
442.181922	0.101648883
442.181922	0.101675559
442.181922	0.101702234
442.181922	0.10172891
442.181922	0.101755585
442.181922	0.101782261
442.181922	0.101808936
441.6730279	0.101835612
439.137329	0.101862287
439.137329	0.101888963
439.137329	0.101915639
439.137329	0.101942314
439.137329	0.10196899
439.137329	0.101995665
439.137329	0.102022341
439.137329	0.102049016
439.137329	0.102075692
439.137329	0.102102367
438.6319388	0.102129043
438.6319388	0.102155719
438.6319388	0.102182394
438.6319388	0.10220907
438.6319388	0.102235745
436.1136992	0.102262421
438.6319388	0.102289096
438.6319388	0.102315772
438.6319388	0.102342447
436.1136992	0.102369123
436.1136992	0.102395799
436.1136992	0.102422474
436.1136992	0.10244915
435.6117888	0.102475825
435.6117888	0.102502501
435.6117888	0.102529176
435.6117888	0.102555852
435.6117888	0.102582528
435.6117888	0.102609203
435.6117888	0.102635879
435.6117888	0.102662554
435.6117888	0.10268923
435.6117888	0.102715905
435.6117888	0.102742581
433.1108882	0.102769256
433.1108882	0.102795932
433.1108882	0.102822608
433.1108882	0.102849283
432.6124337	0.102875959
432.6124337	0.102902634
432.6124337	0.10292931
432.6124337	0.102955985
432.6124337	0.102982661
432.6124337	0.103009336
432.6124337	0.103036012
432.6124337	0.103062688
430.1287528	0.103089363
430.1287528	0.103116039
430.1287528	0.103142714
430.1287528	0.10316939
430.1287528	0.103196065
430.1287528	0.103222741
430.1287528	0.103249416
430.1287528	0.103276092
430.1287528	0.103302768
429.6337303	0.103329443
429.6337303	0.103356119
429.6337303	0.103382794
429.6337303	0.10340947
429.6337303	0.103436145
429.6337303	0.103462821
429.6337303	0.103489496
429.6337303	0.103516172
429.6337303	0.103542848
427.1671505	0.103569523
427.1671505	0.103596199
427.1671505	0.103622874
427.1671505	0.10364955
427.1671505	0.103676225
427.1671505	0.103702901
427.1671505	0.103729577
427.1671505	0.103756252
427.1671505	0.103782928
427.1671505	0.103809603
426.6755364	0.103836279
426.6755364	0.103862954
426.6755364	0.10388963
426.6755364	0.103916305
426.6755364	0.103942981
426.6755364	0.103969657
424.2259399	0.103996332
424.2259399	0.104023008
424.2259399	0.104049683
424.2259399	0.104076359
424.2259399	0.104103034
424.2259399	0.10412971
424.2259399	0.104156385
424.2259399	0.104183061
424.2259399	0.104209737
424.2259399	0.104236412
424.2259399	0.104263088
424.2259399	0.104289763
424.2259399	0.104316439
421.7904069	0.104343114
421.7904069	0.10436979
421.7904069	0.104396465
421.7904069	0.104423141
421.7904069	0.104449817
421.7904069	0.104476492
421.7904069	0.104503168
421.7904069	0.104529843
421.7904069	0.104556519
421.7904069	0.104583194
421.3049808	0.10460987
421.3049808	0.104636546
421.3049808	0.104663221
421.3049808	0.104689897
421.3049808	0.104716572
421.3049808	0.104743248
421.3049808	0.104769923
421.3049808	0.104796599
421.3049808	0.104823274
421.3049808	0.10484995
418.8862173	0.104876626
418.8862173	0.104903301
418.8862173	0.104929977
418.8862173	0.104956652
418.8862173	0.104983328
418.8862173	0.105010003
418.8862173	0.105036679
418.8862173	0.105063354
418.8862173	0.10509003
418.8862173	0.105116706
418.8862173	0.105143381
418.8862173	0.105170057
418.8862173	0.105196732
416.4813402	0.105223408
416.4813402	0.105250083
416.4813402	0.105276759
416.4813402	0.105303434
416.4813402	0.10533011
416.4813402	0.105356786
416.4813402	0.105383461
416.4813402	0.105410137
416.4813402	0.105436812
416.4813402	0.105463488
416.4813402	0.105490163
416.4813402	0.105516839
416.4813402	0.105543515
416.4813402	0.10557019
416.0020242	0.105596866
416.0020242	0.105623541
416.0020242	0.105650217
414.0902699	0.105676892
414.0902699	0.105703568
414.0902699	0.105730243
414.0902699	0.105756919
414.0902699	0.105783595
414.0902699	0.10581027
414.0902699	0.105836946
414.0902699	0.105863621
414.0902699	0.105890297
414.0902699	0.105916972
414.0902699	0.105943648
413.6137056	0.105970323
413.6137056	0.105996999
413.6137056	0.106023675
413.6137056	0.10605035
413.6137056	0.106077026
413.6137056	0.106103701
411.7129269	0.106130377
411.7129269	0.106157052
413.6137056	0.106183728
411.7129269	0.106210403
411.7129269	0.106237079
411.7129269	0.106263755
411.7129269	0.10629043
411.7129269	0.106317106
411.7129269	0.106343781
411.7129269	0.106370457
411.2390987	0.106397132
411.2390987	0.106423808
411.2390987	0.106450483
411.2390987	0.106477159
411.2390987	0.106503835
411.2390987	0.10653051
411.2390987	0.106557186
411.2390987	0.106583861
409.3492326	0.106610537
409.3492326	0.106637212
409.3492326	0.106663888
409.3492326	0.106690564
409.3492326	0.106717239
409.3492326	0.106743915
409.3492326	0.10677059
409.3492326	0.106797266
409.3492326	0.106823941
408.8781247	0.106850617
408.8781247	0.106877292
408.8781247	0.106903968
408.8781247	0.106930644
408.8781247	0.106957319
408.8781247	0.106983995
408.8781247	0.10701067
408.8781247	0.107037346
408.8781247	0.107064021
408.8781247	0.107090697
406.9991086	0.107117372
406.9991086	0.107144048
406.9991086	0.107170724
406.9991086	0.107197399
406.9991086	0.107224075
406.9991086	0.10725075
406.9991086	0.107277426
406.9991086	0.107304101
406.9991086	0.107330777
406.9991086	0.107357452
406.9991086	0.107384128
406.5307053	0.107410804
406.5307053	0.107437479
406.5307053	0.107464155
406.5307053	0.10749083
406.5307053	0.107517506
406.5307053	0.107544181
406.5307053	0.107570857
406.5307053	0.107597533
404.6624769	0.107624208
404.6624769	0.107650884
404.6624769	0.107677559
404.6624769	0.107704235
404.6624769	0.10773091
404.6624769	0.107757586
404.6624769	0.107784261
404.6624769	0.107810937
404.6624769	0.107837613
404.6624769	0.107864288
404.6624769	0.107890964
404.6624769	0.107917639
404.6624769	0.107944315
404.6624769	0.10797099
404.1967628	0.107997666
404.1967628	0.108024341
402.8028339	0.108051017
402.8028339	0.108077693
402.8028339	0.108104368
402.8028339	0.108131044
402.8028339	0.108157719
402.3392601	0.108184395
402.3392601	0.10821107
402.3392601	0.108237746
402.3392601	0.108264421
402.3392601	0.108291097
402.3392601	0.108317773
402.3392601	0.108344448
402.3392601	0.108371124
402.3392601	0.108397799
402.3392601	0.108424475
402.3392601	0.10845115
402.3392601	0.108477826
402.3392601	0.108504502
400.4902936	0.108531177
400.4902936	0.108557853
400.4902936	0.108584528
400.4902936	0.108611204
400.4902936	0.108637879
400.4902936	0.108664555
400.4902936	0.10869123
400.4902936	0.108717906
400.4902936	0.108744582
400.4902936	0.108771257
400.4902936	0.108797933
400.4902936	0.108824608
400.4902936	0.108851284
400.4902936	0.108877959
400.0293811	0.108904635
400.0293811	0.10893131
400.0293811	0.108957986
400.0293811	0.108984662
400.0293811	0.109011337
398.649824	0.109038013
400.0293811	0.109064688
400.0293811	0.109091364
398.649824	0.109118039
398.649824	0.109144715
398.649824	0.10917139
398.1910297	0.109198066
398.1910297	0.109224742
398.1910297	0.109251417
398.1910297	0.109278093
398.1910297	0.109304768
398.1910297	0.109331444
398.1910297	0.109358119
398.1910297	0.109384795
398.1910297	0.10941147
398.1910297	0.109438146
398.1910297	0.109464822
398.1910297	0.109491497
398.1910297	0.109518173
398.1910297	0.109544848
398.1910297	0.109571524
398.1910297	0.109598199
396.3611266	0.109624875
396.3611266	0.109651551
396.3611266	0.109678226
396.3611266	0.109704902
396.3611266	0.109731577
396.3611266	0.109758253
396.3611266	0.109784928
396.3611266	0.109811604
396.3611266	0.109838279
396.3611266	0.109864955
396.3611266	0.109891631
396.3611266	0.109918306
396.3611266	0.109944982
396.3611266	0.109971657
396.3611266	0.109998333
396.3611266	0.110025008
396.3611266	0.110051684
394.5396329	0.110078359
394.5396329	0.110105035
394.5396329	0.110131711
394.5396329	0.110158386
394.5396329	0.110185062
394.5396329	0.110211737
394.5396329	0.110238413
394.5396329	0.110265088
394.5396329	0.110291764
394.5396329	0.110318439
394.5396329	0.110345115
394.5396329	0.110371791
394.5396329	0.110398466
394.5396329	0.110425142
394.5396329	0.110451817
394.5396329	0.110478493
394.0855689	0.110505168
394.0855689	0.110531844
394.0855689	0.11055852
394.0855689	0.110585195
392.7265099	0.110611871
392.7265099	0.110638546
392.7265099	0.110665222
392.7265099	0.110691897
392.7265099	0.110718573
392.7265099	0.110745248
392.7265099	0.110771924
392.7265099	0.1107986
392.7265099	0.110825275
392.7265099	0.110851951
392.7265099	0.110878626
392.7265099	0.110905302
392.7265099	0.110931977
392.7265099	0.110958653
392.2745325	0.110985328
392.2745325	0.111012004
392.2745325	0.11103868
392.2745325	0.111065355
392.2745325	0.111092031
392.2745325	0.111118706
390.9217191	0.111145382
390.9217191	0.111172057
390.9217191	0.111198733
390.9217191	0.111225408
390.9217191	0.111252084
390.9217191	0.11127876
390.9217191	0.111305435
390.9217191	0.111332111
390.9217191	0.111358786
390.9217191	0.111385462
390.9217191	0.111412137
390.9217191	0.111438813
390.9217191	0.111465488
390.9217191	0.111492164
390.4718189	0.11151884
390.4718189	0.111545515
390.4718189	0.111572191
390.4718189	0.111598866
390.4718189	0.111625542
390.4718189	0.111652217
390.4718189	0.111678893
390.4718189	0.111705569
390.4718189	0.111732244
389.1252224	0.11175892
389.1252224	0.111785595
389.1252224	0.111812271
389.1252224	0.111838946
389.1252224	0.111865622
389.1252224	0.111892297
389.1252224	0.111918973
389.1252224	0.111945649
389.1252224	0.111972324
389.1252224	0.111999
389.1252224	0.112025675
389.1252224	0.112052351
389.1252224	0.112079026
389.1252224	0.112105702
389.1252224	0.112132377
388.6773897	0.112159053
388.6773897	0.112185729
388.6773897	0.112212404
388.6773897	0.11223908
388.6773897	0.112265755
388.6773897	0.112292431
387.3369816	0.112319106
387.3369816	0.112345782
387.3369816	0.112372457
387.3369816	0.112399133
387.3369816	0.112425809
387.3369816	0.112452484
387.3369816	0.11247916
387.3369816	0.112505835
387.3369816	0.112532511
387.3369816	0.112559186
387.3369816	0.112585862
387.3369816	0.112612538
387.3369816	0.112639213
387.3369816	0.112665889
387.3369816	0.112692564
387.3369816	0.11271924
387.3369816	0.112745915
387.3369816	0.112772591
387.3369816	0.112799266
386.001196	0.112825942
386.001196	0.112852618
386.001196	0.112879293
386.001196	0.112905969
386.001196	0.112932644
386.001196	0.11295932
386.001196	0.112985995
385.5569586	0.113012671
385.5569586	0.113039346
385.5569586	0.113066022
385.5569586	0.113092698
385.5569586	0.113119373
385.5569586	0.113146049
385.5569586	0.113172724
385.5569586	0.1131994
385.5569586	0.113226075
385.5569586	0.113252751
385.5569586	0.113279426
385.5569586	0.113306102
385.5569586	0.113332778
385.5569586	0.113359453
385.5569586	0.113386129
384.2273117	0.113412804
384.2273117	0.11343948
384.2273117	0.113466155
384.2273117	0.113492831
384.2273117	0.113519507
384.2273117	0.113546182
384.2273117	0.113572858
384.2273117	0.113599533
384.2273117	0.113626209
384.2273117	0.113652884
384.2273117	0.11367956
384.2273117	0.113706235
384.2273117	0.113732911
384.2273117	0.113759587
384.2273117	0.113786262
384.2273117	0.113812938
383.7851159	0.113839613
383.7851159	0.113866289
383.7851159	0.113892964
383.7851159	0.11391964
383.7851159	0.113946315
382.9022503	0.113972991
383.7851159	0.113999667
382.9022503	0.114026342
382.9022503	0.114053018
382.9022503	0.114079693
382.9022503	0.114106369
382.4615794	0.114133044
382.4615794	0.11415972
382.4615794	0.114186395
382.4615794	0.114213071
382.4615794	0.114239747
382.4615794	0.114266422
382.4615794	0.114293098
382.4615794	0.114319773
382.4615794	0.114346449
382.4615794	0.114373124
382.4615794	0.1143998
382.4615794	0.114426475
382.4615794	0.114453151
382.4615794	0.114479827
382.4615794	0.114506502
382.4615794	0.114533178
382.4615794	0.114559853
382.4615794	0.114586529
381.1426074	0.114613204
381.1426074	0.11463988
381.1426074	0.114666556
381.1426074	0.114693231
381.1426074	0.114719907
381.1426074	0.114746582
381.1426074	0.114773258
381.1426074	0.114799933
381.1426074	0.114826609
381.1426074	0.114853284
381.1426074	0.11487996
381.1426074	0.114906636
381.1426074	0.114933311
381.1426074	0.114959987
381.1426074	0.114986662
381.1426074	0.115013338
381.1426074	0.115040013
381.1426074	0.115066689
381.1426074	0.115093364
381.1426074	0.11512004
380.7039616	0.115146716
379.828184	0.115173391
379.828184	0.115200067
379.828184	0.115226742
379.828184	0.115253418
379.828184	0.115280093
379.828184	0.115306769
379.828184	0.115333444
379.828184	0.11536012
379.828184	0.115386796
379.828184	0.115413471
379.828184	0.115440147
379.828184	0.115466822
379.828184	0.115493498
379.828184	0.115520173
379.828184	0.115546849
379.391051	0.115573525
379.391051	0.1156002
379.391051	0.115626876
379.391051	0.115653551
379.391051	0.115680227
379.391051	0.115706902
379.391051	0.115733578
379.391051	0.115760253
378.5182936	0.115786929
378.5182936	0.115813605
378.5182936	0.11584028
378.5182936	0.115866956
378.5182936	0.115893631
378.5182936	0.115920307
378.5182936	0.115946982
378.5182936	0.115973658
378.5182936	0.116000333
378.5182936	0.116027009
378.5182936	0.116053685
378.0826681	0.11608036
378.0826681	0.116107036
378.0826681	0.116133711
378.0826681	0.116160387
378.0826681	0.116187062
378.0826681	0.116213738
378.0826681	0.116240413
378.0826681	0.116267089
378.0826681	0.116293765
378.0826681	0.11632044
378.0826681	0.116347116
378.0826681	0.116373791
378.0826681	0.116400467
378.0826681	0.116427142
377.2129205	0.116453818
377.2129205	0.116480493
377.2129205	0.116507169
377.2129205	0.116533845
377.2129205	0.11656052
377.2129205	0.116587196
377.2129205	0.116613871
376.7787973	0.116640547
376.7787973	0.116667222
376.7787973	0.116693898
376.7787973	0.116720574
376.7787973	0.116747249
376.7787973	0.116773925
376.7787973	0.1168006
376.7787973	0.116827276
376.7787973	0.116853951
376.7787973	0.116880627
376.7787973	0.116907302
376.7787973	0.116933978
376.7787973	0.116960654
376.7787973	0.116987329
376.7787973	0.117014005
376.7787973	0.11704068
375.9120492	0.117067356
375.9120492	0.117094031
375.9120492	0.117120707
375.9120492	0.117147382
375.9120492	0.117174058
375.9120492	0.117200734
375.9120492	0.117227409
375.9120492	0.117254085
375.4794231	0.11728076
375.4794231	0.117307436
375.4794231	0.117334111
375.4794231	0.117360787
375.4794231	0.117387462
375.4794231	0.117414138
375.4794231	0.117440814
375.4794231	0.117467489
375.4794231	0.117494165
375.4794231	0.11752084
375.4794231	0.117547516
375.4794231	0.117574191
375.4794231	0.117600867
375.4794231	0.117627543
375.4794231	0.117654218
375.4794231	0.117680894
374.6156641	0.117707569
374.6156641	0.117734245
374.6156641	0.11776092
374.6156641	0.117787596
374.6156641	0.117814271
374.6156641	0.117840947
374.6156641	0.117867623
374.6156641	0.117894298
374.6156641	0.117920974
374.6156641	0.117947649
374.6156641	0.117974325
374.6156641	0.118001
374.18453	0.118027676
374.18453	0.118054351
374.18453	0.118081027
374.18453	0.118107703
374.18453	0.118134378
374.18453	0.118161054
374.18453	0.118187729
374.18453	0.118214405
374.18453	0.11824108
374.18453	0.118267756
374.18453	0.118294431
374.18453	0.118321107
373.3237498	0.118347783
373.3237498	0.118374458
373.3237498	0.118401134
373.3237498	0.118427809
373.3237498	0.118454485
373.3237498	0.11848116
373.3237498	0.118507836
373.3237498	0.118534512
373.3237498	0.118561187
373.3237498	0.118587863
373.3237498	0.118614538
373.3237498	0.118641214
373.3237498	0.118667889
373.3237498	0.118694565
373.3237498	0.11872124
373.3237498	0.118747916
373.3237498	0.118774592
373.3237498	0.118801267
373.3237498	0.118827943
372.8941025	0.118854618
372.8941025	0.118881294
372.8941025	0.118907969
372.8941025	0.118934645
372.8941025	0.11896132
372.8941025	0.118987996
372.0362908	0.119014672
372.0362908	0.119041347
372.0362908	0.119068023
372.0362908	0.119094698
372.0362908	0.119121374
372.0362908	0.119148049
372.0362908	0.119174725
372.0362908	0.1192014
372.0362908	0.119228076
372.0362908	0.119254752
372.0362908	0.119281427
372.0362908	0.119308103
372.0362908	0.119334778
372.0362908	0.119361454
372.0362908	0.119388129
372.0362908	0.119414805
372.0362908	0.11944148
372.0362908	0.119468156
372.0362908	0.119494832
372.0362908	0.119521507
372.0362908	0.119548183
372.0362908	0.119574858
372.0362908	0.119601534
372.0362908	0.119628209
371.1804524	0.119654885
371.1804524	0.119681561
371.1804524	0.119708236
371.1804524	0.119734912
371.1804524	0.119761587
371.1804524	0.119788263
371.1804524	0.119814938
371.1804524	0.119841614
371.1804524	0.119868289
371.1804524	0.119894965
371.1804524	0.119921641
370.7532718	0.119948316
370.7532718	0.119974992
370.7532718	0.120001667
370.7532718	0.120028343
370.7532718	0.120055018
370.7532718	0.120081694
370.7532718	0.120108369
370.7532718	0.120135045
370.7532718	0.120161721
370.7532718	0.120188396
370.7532718	0.120215072
370.7532718	0.120241747
370.7532718	0.120268423
370.7532718	0.120295098
370.7532718	0.120321774
370.7532718	0.120348449
369.9003849	0.120375125
369.9003849	0.120401801
369.9003849	0.120428476
369.9003849	0.120455152
369.9003849	0.120481827
369.9003849	0.120508503
369.9003849	0.120535178
369.9003849	0.120561854
369.9003849	0.12058853
369.9003849	0.120615205
369.9003849	0.120641881
369.9003849	0.120668556
369.9003849	0.120695232
369.9003849	0.120721907
369.9003849	0.120748583
369.9003849	0.120775258
369.9003849	0.120801934
369.9003849	0.12082861
369.9003849	0.120855285
369.9003849	0.120881961
369.9003849	0.120908636
369.9003849	0.120935312
369.9003849	0.120961987
369.9003849	0.120988663
369.04946	0.121015338
369.04946	0.121042014
369.04946	0.12106869
369.04946	0.121095365
369.04946	0.121122041
369.04946	0.121148716
369.04946	0.121175392
369.04946	0.121202067
369.04946	0.121228743
369.04946	0.121255418
369.04946	0.121282094
369.04946	0.12130877
369.04946	0.121335445
369.04946	0.121362121
368.6247319	0.121388796
368.6247319	0.121415472
368.6247319	0.121442147
368.6247319	0.121468823
368.6247319	0.121495498
368.6247319	0.121522174
368.6247319	0.12154885
368.6247319	0.121575525
368.6247319	0.121602201
368.6247319	0.121628876
368.6247319	0.121655552
368.6247319	0.121682227
368.6247319	0.121708903
368.6247319	0.121735579
367.7767415	0.121762254
367.7767415	0.12178893
367.7767415	0.121815605
367.7767415	0.121842281
367.7767415	0.121868956
367.7767415	0.121895632
367.7767415	0.121922307
367.7767415	0.121948983
367.7767415	0.121975659
367.7767415	0.122002334
367.7767415	0.12202901
367.7767415	0.122055685
367.7767415	0.122082361
367.7767415	0.122109036
367.7767415	0.122135712
367.7767415	0.122162387
367.7767415	0.122189063
367.7767415	0.122215739
367.7767415	0.122242414
367.7767415	0.12226909
367.7767415	0.122295765
367.7767415	0.122322441
367.7767415	0.122349116
367.7767415	0.122375792
367.7767415	0.122402467
367.7767415	0.122429143
367.7767415	0.122455819
366.9307019	0.122482494
366.9307019	0.12250917
366.9307019	0.122535845
366.9307019	0.122562521
366.9307019	0.122589196
366.9307019	0.122615872
366.9307019	0.122642548
366.9307019	0.122669223
366.9307019	0.122695899
366.9307019	0.122722574
366.9307019	0.12274925
366.9307019	0.122775925
366.9307019	0.122802601
366.9307019	0.122829276
366.9307019	0.122855952
366.9307019	0.122882628
366.9307019	0.122909303
366.9307019	0.122935979
366.9307019	0.122962654
366.9307019	0.12298933
366.9307019	0.123016005
366.9307019	0.123042681
366.9307019	0.123069356
366.9307019	0.123096032
366.9307019	0.123122708
366.0866085	0.123149383
366.0866085	0.123176059
366.0866085	0.123202734
366.0866085	0.12322941
366.0866085	0.123256085
366.0866085	0.123282761
366.0866085	0.123309436
366.0866085	0.123336112
366.0866085	0.123362788
366.0866085	0.123389463
366.0866085	0.123416139
366.0866085	0.123442814
366.0866085	0.12346949
366.0866085	0.123496165
366.0866085	0.123522841
366.0866085	0.123549517
366.0866085	0.123576192
366.0866085	0.123602868
366.0866085	0.123629543
366.0866085	0.123656219
366.0866085	0.123682894
366.0866085	0.12370957
366.0866085	0.123736245
365.6652902	0.123762921
365.6652902	0.123789597
365.6652902	0.123816272
365.6652902	0.123842948
365.6652902	0.123869623
365.2444569	0.123896299
365.2444569	0.123922974
365.2444569	0.12394965
365.2444569	0.123976325
365.2444569	0.124003001
365.2444569	0.124029677
365.2444569	0.124056352
365.2444569	0.124083028
365.2444569	0.124109703
365.2444569	0.124136379
365.2444569	0.124163054
365.2444569	0.12418973
365.2444569	0.124216405
365.2444569	0.124243081
365.2444569	0.124269757
365.2444569	0.124296432
365.2444569	0.124323108
365.2444569	0.124349783
365.2444569	0.124376459
365.2444569	0.124403134
364.8241078	0.12442981
364.8241078	0.124456485
364.8241078	0.124483161
364.8241078	0.124509837
364.8241078	0.124536512
364.8241078	0.124563188
364.8241078	0.124589863
364.8241078	0.124616539
364.4042425	0.124643214
364.4042425	0.12466989
364.4042425	0.124696566
364.4042425	0.124723241
364.4042425	0.124749917
364.4042425	0.124776592
364.4042425	0.124803268
364.4042425	0.124829943
364.4042425	0.124856619
364.4042425	0.124883294
364.4042425	0.12490997
364.4042425	0.124936646
364.4042425	0.124963321
364.4042425	0.124989997
364.4042425	0.125016672
364.4042425	0.125043348
364.4042425	0.125070023
364.4042425	0.125096699
364.4042425	0.125123374
364.4042425	0.12515005
363.9848605	0.125176726
363.9848605	0.125203401
363.9848605	0.125230077
363.9848605	0.125256752
363.9848605	0.125283428
363.9848605	0.125310103
363.9848605	0.125336779
363.9848605	0.125363454
363.565961	0.12539013
363.565961	0.125416806
363.565961	0.125443481
363.565961	0.125470157
363.565961	0.125496832
363.565961	0.125523508
363.565961	0.125550183
363.565961	0.125576859
363.565961	0.125603535
363.565961	0.12563021
363.565961	0.125656886
363.565961	0.125683561
363.565961	0.125710237
363.565961	0.125736912
363.565961	0.125763588
363.565961	0.125790263
363.565961	0.125816939
363.565961	0.125843615
363.565961	0.12587029
363.565961	0.125896966
363.565961	0.125923641
363.565961	0.125950317
363.565961	0.125976992
363.565961	0.126003668
363.1475437	0.126030343
363.1475437	0.126057019
363.1475437	0.126083695
363.1475437	0.12611037
363.1475437	0.126137046
362.729608	0.126163721
362.729608	0.126190397
362.729608	0.126217072
362.729608	0.126243748
362.729608	0.126270423
362.729608	0.126297099
362.729608	0.126323775
362.729608	0.12635045
362.729608	0.126377126
362.729608	0.126403801
362.729608	0.126430477
362.729608	0.126457152
362.729608	0.126483828
362.729608	0.126510504
362.729608	0.126537179
362.729608	0.126563855
362.729608	0.12659053
362.729608	0.126617206
362.729608	0.126643881
362.729608	0.126670557
362.729608	0.126697232
362.729608	0.126723908
362.729608	0.126750584
362.729608	0.126777259
362.729608	0.126803935
362.729608	0.12683061
362.729608	0.126857286
362.729608	0.126883961
362.729608	0.126910637
361.8951788	0.126937312
361.8951788	0.126963988
361.8951788	0.126990664
361.8951788	0.127017339
361.8951788	0.127044015
361.8951788	0.12707069
361.8951788	0.127097366
361.8951788	0.127124041
361.8951788	0.127150717
361.8951788	0.127177392
361.8951788	0.127204068
361.8951788	0.127230744
361.8951788	0.127257419
361.8951788	0.127284095
361.8951788	0.12731077
361.8951788	0.127337446
361.8951788	0.127364121
361.8951788	0.127390797
361.8951788	0.127417472
361.8951788	0.127444148
361.8951788	0.127470824
361.8951788	0.127497499
361.8951788	0.127524175
361.8951788	0.12755085
361.8951788	0.127577526
361.8951788	0.127604201
361.8951788	0.127630877
361.8951788	0.127657553
361.8951788	0.127684228
361.8951788	0.127710904
361.8951788	0.127737579
361.8951788	0.127764255
361.4786844	0.12779093
361.4786844	0.127817606
361.4786844	0.127844281
361.4786844	0.127870957
361.4786844	0.127897633
361.4786844	0.127924308
361.4786844	0.127950984
361.0626692	0.127977659
361.0626692	0.128004335
361.0626692	0.12803101
361.0626692	0.128057686
361.0626692	0.128084361
361.0626692	0.128111037
361.0626692	0.128137713
361.0626692	0.128164388
361.0626692	0.128191064
361.0626692	0.128217739
361.0626692	0.128244415
361.0626692	0.12827109
361.0626692	0.128297766
361.0626692	0.128324441
361.0626692	0.128351117
361.0626692	0.128377793
361.0626692	0.128404468
361.0626692	0.128431144
361.0626692	0.128457819
361.0626692	0.128484495
361.0626692	0.12851117
361.0626692	0.128537846
360.6471329	0.128564522
360.6471329	0.128591197
360.6471329	0.128617873
360.6471329	0.128644548
360.6471329	0.128671224
360.6471329	0.128697899
360.6471329	0.128724575
360.6471329	0.12875125
360.6471329	0.128777926
360.6471329	0.128804602
360.6471329	0.128831277
360.6471329	0.128857953
360.6471329	0.128884628
360.6471329	0.128911304
360.6471329	0.128937979
360.6471329	0.128964655
360.6471329	0.12899133
360.6471329	0.129018006
360.6471329	0.129044682
360.6471329	0.129071357
360.6471329	0.129098033
360.6471329	0.129124708
360.6471329	0.129151384
360.6471329	0.129178059
360.6471329	0.129204735
360.6471329	0.12923141
360.6471329	0.129258086
360.2320747	0.129284762
360.2320747	0.129311437
360.2320747	0.129338113
360.2320747	0.129364788
359.8174943	0.129391464
359.8174943	0.129418139
359.8174943	0.129444815
359.8174943	0.12947149
359.8174943	0.129498166
359.8174943	0.129524842
359.8174943	0.129551517
359.8174943	0.129578193
359.8174943	0.129604868
359.8174943	0.129631544
359.8174943	0.129658219
359.8174943	0.129684895
359.8174943	0.129711571
359.8174943	0.129738246
359.8174943	0.129764922
359.8174943	0.129791597
359.8174943	0.129818273
359.8174943	0.129844948
359.8174943	0.129871624
359.8174943	0.129898299
359.8174943	0.129924975
359.8174943	0.129951651
359.8174943	0.129978326
359.8174943	0.130005002
359.8174943	0.130031677
359.8174943	0.130058353
359.8174943	0.130085028
359.8174943	0.130111704
359.8174943	0.130138379
359.8174943	0.130165055
359.8174943	0.130191731
359.403391	0.130218406
359.403391	0.130245082
359.403391	0.130271757
359.403391	0.130298433
359.403391	0.130325108
359.403391	0.130351784
359.403391	0.130378459
359.403391	0.130405135
359.403391	0.130431811
359.403391	0.130458486
359.403391	0.130485162
359.403391	0.130511837
359.403391	0.130538513
359.403391	0.130565188
359.403391	0.130591864
359.403391	0.13061854
359.403391	0.130645215
359.403391	0.130671891
359.403391	0.130698566
359.403391	0.130725242
359.403391	0.130751917
359.403391	0.130778593
359.403391	0.130805268
359.403391	0.130831944
359.403391	0.13085862
358.9897642	0.130885295
358.9897642	0.130911971
358.9897642	0.130938646
358.9897642	0.130965322
358.9897642	0.130991997
358.9897642	0.131018673
358.9897642	0.131045348
358.5766135	0.131072024
358.5766135	0.1310987
358.5766135	0.131125375
358.5766135	0.131152051
358.5766135	0.131178726
358.5766135	0.131205402
358.5766135	0.131232077
358.5766135	0.131258753
358.5766135	0.131285428
358.5766135	0.131312104
358.5766135	0.13133878
358.5766135	0.131365455
358.5766135	0.131392131
358.5766135	0.131418806
358.5766135	0.131445482
358.5766135	0.131472157
358.5766135	0.131498833
358.5766135	0.131525509
358.5766135	0.131552184
358.5766135	0.13157886
358.5766135	0.131605535
358.5766135	0.131632211
358.5766135	0.131658886
358.5766135	0.131685562
358.5766135	0.131712237
358.5766135	0.131738913
358.5766135	0.131765589
358.5766135	0.131792264
358.5766135	0.13181894
358.5766135	0.131845615
358.5766135	0.131872291
358.5766135	0.131898966
358.5766135	0.131925642
358.1639383	0.131952317
358.1639383	0.131978993
358.1639383	0.132005669
358.1639383	0.132032344
358.1639383	0.13205902
358.1639383	0.132085695
358.1639383	0.132112371
358.1639383	0.132139046
358.1639383	0.132165722
358.1639383	0.132192397
358.1639383	0.132219073
358.1639383	0.132245749
358.1639383	0.132272424
358.1639383	0.1322991
358.1639383	0.132325775
358.1639383	0.132352451
358.1639383	0.132379126
358.1639383	0.132405802
358.1639383	0.132432477
358.1639383	0.132459153
358.1639383	0.132485829
358.1639383	0.132512504
358.1639383	0.13253918
358.1639383	0.132565855
358.1639383	0.132592531
358.1639383	0.132619206
358.1639383	0.132645882
358.1639383	0.132672558
358.1639383	0.132699233
358.1639383	0.132725909
358.1639383	0.132752584
358.1639383	0.13277926
357.751738	0.132805935
357.751738	0.132832611
357.751738	0.132859286
357.751738	0.132885962
357.751738	0.132912638
357.751738	0.132939313
357.751738	0.132965989
357.751738	0.132992664
357.751738	0.13301934
357.751738	0.133046015
357.751738	0.133072691
357.751738	0.133099366
357.751738	0.133126042
357.751738	0.133152718
357.751738	0.133179393
357.751738	0.133206069
357.751738	0.133232744
357.751738	0.13325942
357.751738	0.133286095
357.751738	0.133312771
357.751738	0.133339446
357.3400121	0.133366122
357.3400121	0.133392798
357.3400121	0.133419473
357.3400121	0.133446149
357.3400121	0.133472824
357.3400121	0.1334995
357.3400121	0.133526175
357.3400121	0.133552851
357.3400121	0.133579527
357.3400121	0.133606202
357.3400121	0.133632878
357.3400121	0.133659553
357.3400121	0.133686229
357.3400121	0.133712904
357.3400121	0.13373958
357.3400121	0.133766255
357.3400121	0.133792931
356.9287601	0.133819607
356.9287601	0.133846282
356.9287601	0.133872958
356.9287601	0.133899633
356.9287601	0.133926309
356.9287601	0.133952984
356.9287601	0.13397966
356.9287601	0.134006335
356.9287601	0.134033011
356.9287601	0.134059687
356.9287601	0.134086362
356.9287601	0.134113038
356.9287601	0.134139713
356.9287601	0.134166389
356.9287601	0.134193064
356.9287601	0.13421974
356.9287601	0.134246415
356.9287601	0.134273091
356.9287601	0.134299767
356.9287601	0.134326442
356.9287601	0.134353118
356.9287601	0.134379793
356.9287601	0.134406469
356.9287601	0.134433144
356.9287601	0.13445982
356.9287601	0.134486495
356.9287601	0.134513171
356.9287601	0.134539847
356.9287601	0.134566522
356.9287601	0.134593198
356.5179813	0.134619873
356.5179813	0.134646549
356.5179813	0.134673224
356.5179813	0.1346999
356.5179813	0.134726576
356.5179813	0.134753251
356.5179813	0.134779927
356.5179813	0.134806602
356.5179813	0.134833278
356.5179813	0.134859953
356.5179813	0.134886629
356.5179813	0.134913304
356.5179813	0.13493998
356.5179813	0.134966656
356.5179813	0.134993331
356.5179813	0.135020007
356.5179813	0.135046682
356.5179813	0.135073358
356.5179813	0.135100033
356.5179813	0.135126709
356.5179813	0.135153384
356.5179813	0.13518006
356.5179813	0.135206736
356.5179813	0.135233411
356.5179813	0.135260087
356.5179813	0.135286762
356.5179813	0.135313438
356.5179813	0.135340113
356.5179813	0.135366789
356.5179813	0.135393464
356.5179813	0.13542014
356.5179813	0.135446816
356.5179813	0.135473491
356.5179813	0.135500167
356.1076753	0.135526842
356.1076753	0.135553518
356.1076753	0.135580193
356.1076753	0.135606869
356.1076753	0.135633545
356.1076753	0.13566022
356.1076753	0.135686896
356.1076753	0.135713571
356.1076753	0.135740247
356.1076753	0.135766922
356.1076753	0.135793598
356.1076753	0.135820273
356.1076753	0.135846949
356.1076753	0.135873625
356.1076753	0.1359003
356.1076753	0.135926976
356.1076753	0.135953651
356.1076753	0.135980327
356.1076753	0.136007002
356.1076753	0.136033678
356.1076753	0.136060353
356.1076753	0.136087029
356.1076753	0.136113705
356.1076753	0.13614038
356.1076753	0.136167056
356.1076753	0.136193731
356.1076753	0.136220407
356.1076753	0.136247082
356.1076753	0.136273758
356.1076753	0.136300433
356.1076753	0.136327109
356.1076753	0.136353785
356.1076753	0.13638046
356.1076753	0.136407136
355.6978415	0.136433811
355.6978415	0.136460487
355.6978415	0.136487162
355.6978415	0.136513838
355.6978415	0.136540514
355.6978415	0.136567189
355.6978415	0.136593865
355.6978415	0.13662054
355.6978415	0.136647216
355.6978415	0.136673891
355.6978415	0.136700567
355.6978415	0.136727242
355.6978415	0.136753918
355.6978415	0.136780594
355.6978415	0.136807269
355.6978415	0.136833945
355.6978415	0.13686062
355.6978415	0.136887296
355.6978415	0.136913971
355.6978415	0.136940647
355.6978415	0.136967322
355.6978415	0.136993998
355.6978415	0.137020674
355.6978415	0.137047349
355.6978415	0.137074025
355.6978415	0.1371007
355.6978415	0.137127376
355.6978415	0.137154051
355.6978415	0.137180727
355.6978415	0.137207402
355.6978415	0.137234078
355.6978415	0.137260754
355.6978415	0.137287429
355.6978415	0.137314105
355.6978415	0.13734078
355.6978415	0.137367456
355.2884794	0.137394131
355.2884794	0.137420807
355.2884794	0.137447482
355.2884794	0.137474158
355.2884794	0.137500834
355.2884794	0.137527509
355.2884794	0.137554185
355.2884794	0.13758086
355.2884794	0.137607536
355.2884794	0.137634211
355.2884794	0.137660887
355.2884794	0.137687563
355.2884794	0.137714238
355.2884794	0.137740914
355.2884794	0.137767589
355.2884794	0.137794265
355.2884794	0.13782094
355.2884794	0.137847616
355.2884794	0.137874291
355.2884794	0.137900967
355.2884794	0.137927643
355.2884794	0.137954318
355.2884794	0.137980994
355.2884794	0.138007669
355.2884794	0.138034345
355.2884794	0.13806102
355.2884794	0.138087696
355.2884794	0.138114371
355.2884794	0.138141047
355.2884794	0.138167723
355.2884794	0.138194398
355.2884794	0.138221074
355.2884794	0.138247749
355.2884794	0.138274425
355.2884794	0.1383011
355.2884794	0.138327776
354.8795884	0.138354451
354.8795884	0.138381127
354.8795884	0.138407803
354.8795884	0.138434478
354.8795884	0.138461154
354.8795884	0.138487829
354.8795884	0.138514505
354.8795884	0.13854118
354.8795884	0.138567856
354.8795884	0.138594532
354.8795884	0.138621207
354.8795884	0.138647883
354.8795884	0.138674558
354.8795884	0.138701234
354.8795884	0.138727909
354.8795884	0.138754585
354.8795884	0.13878126
354.8795884	0.138807936
354.8795884	0.138834612
354.8795884	0.138861287
354.8795884	0.138887963
354.8795884	0.138914638
354.8795884	0.138941314
354.8795884	0.138967989
354.8795884	0.138994665
354.8795884	0.13902134
354.8795884	0.139048016
354.8795884	0.139074692
354.8795884	0.139101367
354.8795884	0.139128043
354.8795884	0.139154718
354.8795884	0.139181394
354.8795884	0.139208069
354.8795884	0.139234745
354.8795884	0.13926142
354.8795884	0.139288096
354.4711679	0.139314772
354.4711679	0.139341447
354.4711679	0.139368123
354.4711679	0.139394798
354.4711679	0.139421474
354.4711679	0.139448149
354.4711679	0.139474825
354.4711679	0.139501501
354.4711679	0.139528176
354.4711679	0.139554852
354.4711679	0.139581527
354.4711679	0.139608203
354.4711679	0.139634878
354.4711679	0.139661554
354.4711679	0.139688229
354.4711679	0.139714905
354.4711679	0.139741581
354.4711679	0.139768256
354.4711679	0.139794932
354.4711679	0.139821607
354.4711679	0.139848283
354.4711679	0.139874958
354.4711679	0.139901634
354.4711679	0.139928309
354.4711679	0.139954985
354.4711679	0.139981661
354.4711679	0.140008336
354.4711679	0.140035012
354.4711679	0.140061687
354.4711679	0.140088363
354.4711679	0.140115038
354.4711679	0.140141714
354.4711679	0.140168389
354.4711679	0.140195065
354.4711679	0.140221741
354.4711679	0.140248416
354.4711679	0.140275092
354.4711679	0.140301767
354.0632175	0.140328443
354.0632175	0.140355118
354.0632175	0.140381794
354.0632175	0.140408469
354.0632175	0.140435145
354.0632175	0.140461821
354.0632175	0.140488496
354.0632175	0.140515172
354.0632175	0.140541847
354.0632175	0.140568523
354.0632175	0.140595198
354.0632175	0.140621874
354.0632175	0.14064855
354.0632175	0.140675225
354.0632175	0.140701901
354.0632175	0.140728576
354.0632175	0.140755252
354.0632175	0.140781927
354.0632175	0.140808603
354.0632175	0.140835278
354.0632175	0.140861954
354.0632175	0.14088863
354.0632175	0.140915305
354.0632175	0.140941981
354.0632175	0.140968656
354.0632175	0.140995332
354.0632175	0.141022007
354.0632175	0.141048683
354.0632175	0.141075358
354.0632175	0.141102034
354.0632175	0.14112871
354.0632175	0.141155385
354.0632175	0.141182061
354.0632175	0.141208736
354.0632175	0.141235412
354.0632175	0.141262087
354.0632175	0.141288763
354.0632175	0.141315438
354.0632175	0.141342114
354.0632175	0.14136879
354.0632175	0.141395465
353.6557366	0.141422141
353.6557366	0.141448816
353.6557366	0.141475492
353.6557366	0.141502167
353.6557366	0.141528843
353.6557366	0.141555519
353.6557366	0.141582194
353.6557366	0.14160887
353.6557366	0.141635545
353.6557366	0.141662221
353.6557366	0.141688896
353.6557366	0.141715572
353.6557366	0.141742247
353.6557366	0.141768923
353.6557366	0.141795599
353.6557366	0.141822274
353.6557366	0.14184895
353.6557366	0.141875625
353.6557366	0.141902301
353.6557366	0.141928976
353.6557366	0.141955652
353.6557366	0.141982327
353.6557366	0.142009003
353.6557366	0.142035679
353.6557366	0.142062354
353.6557366	0.14208903
353.6557366	0.142115705
353.6557366	0.142142381
353.6557366	0.142169056
353.6557366	0.142195732
353.6557366	0.142222407
353.6557366	0.142249083
353.6557366	0.142275759
353.6557366	0.142302434
353.6557366	0.14232911
353.6557366	0.142355785
353.6557366	0.142382461
353.6557366	0.142409136
353.6557366	0.142435812
353.6557366	0.142462487
353.6557366	0.142489163
353.6557366	0.142515839
353.6557366	0.142542514
353.6557366	0.14256919
353.6557366	0.142595865
353.6557366	0.142622541
353.6557366	0.142649216
353.6557366	0.142675892
353.6557366	0.142702568
353.6557366	0.142729243
353.6557366	0.142755919
353.6557366	0.142782594
353.6557366	0.14280927
353.6557366	0.142835945
353.6557366	0.142862621
353.6557366	0.142889296
353.6557366	0.142915972
353.6557366	0.142942648
353.6557366	0.142969323
353.6557366	0.142995999
353.6557366	0.143022674
353.6557366	0.14304935
353.6557366	0.143076025
353.6557366	0.143102701
353.2487247	0.143129376
353.2487247	0.143156052
353.2487247	0.143182728
353.2487247	0.143209403
353.2487247	0.143236079
353.2487247	0.143262754
353.2487247	0.14328943
353.2487247	0.143316105
353.2487247	0.143342781
353.2487247	0.143369456
353.2487247	0.143396132
353.2487247	0.143422808
353.2487247	0.143449483
353.2487247	0.143476159
353.2487247	0.143502834
353.2487247	0.14352951
353.2487247	0.143556185
353.2487247	0.143582861
353.2487247	0.143609537
353.2487247	0.143636212
353.2487247	0.143662888
353.2487247	0.143689563
353.2487247	0.143716239
353.2487247	0.143742914
353.2487247	0.14376959
353.2487247	0.143796265
353.2487247	0.143822941
353.2487247	0.143849617
353.2487247	0.143876292
353.2487247	0.143902968
353.2487247	0.143929643
353.2487247	0.143956319
353.2487247	0.143982994
353.2487247	0.14400967
353.2487247	0.144036345
353.2487247	0.144063021
353.2487247	0.144089697
353.2487247	0.144116372
353.2487247	0.144143048
353.2487247	0.144169723
353.2487247	0.144196399
353.2487247	0.144223074
353.2487247	0.14424975
353.2487247	0.144276425
353.2487247	0.144303101
353.2487247	0.144329777
353.2487247	0.144356452
353.2487247	0.144383128
353.2487247	0.144409803
353.2487247	0.144436479
352.8421812	0.144463154
352.8421812	0.14448983
352.8421812	0.144516506
352.8421812	0.144543181
352.8421812	0.144569857
352.8421812	0.144596532
352.8421812	0.144623208
352.8421812	0.144649883
352.8421812	0.144676559
352.8421812	0.144703234
352.8421812	0.14472991
352.8421812	0.144756586
352.8421812	0.144783261
352.8421812	0.144809937
352.8421812	0.144836612
352.8421812	0.144863288
352.8421812	0.144889963
352.8421812	0.144916639
352.8421812	0.144943314
352.8421812	0.14496999
352.8421812	0.144996666
352.8421812	0.145023341
352.8421812	0.145050017
352.8421812	0.145076692
352.8421812	0.145103368
352.8421812	0.145130043
352.8421812	0.145156719
352.8421812	0.145183394
352.8421812	0.14521007
352.8421812	0.145236746
352.8421812	0.145263421
352.8421812	0.145290097
352.8421812	0.145316772
352.8421812	0.145343448
352.8421812	0.145370123
352.8421812	0.145396799
352.8421812	0.145423474
352.8421812	0.14545015
352.8421812	0.145476826
352.8421812	0.145503501
352.8421812	0.145530177
352.8421812	0.145556852
352.8421812	0.145583528
352.8421812	0.145610203
352.8421812	0.145636879
352.8421812	0.145663555
352.8421812	0.14569023
352.8421812	0.145716906
352.8421812	0.145743581
352.8421812	0.145770257
352.8421812	0.145796932
352.8421812	0.145823608
352.8421812	0.145850283
352.8421812	0.145876959
352.8421812	0.145903635
352.8421812	0.14593031
352.8421812	0.145956986
352.8421812	0.145983661
352.8421812	0.146010337
352.8421812	0.146037012
352.8421812	0.146063688
352.8421812	0.146090363
352.8421812	0.146117039
352.4361056	0.146143715
352.4361056	0.14617039
352.4361056	0.146197066
352.4361056	0.146223741
352.4361056	0.146250417
352.4361056	0.146277092
352.4361056	0.146303768
352.4361056	0.146330443
352.4361056	0.146357119
352.4361056	0.146383795
352.4361056	0.14641047
352.4361056	0.146437146
352.4361056	0.146463821
352.4361056	0.146490497
352.4361056	0.146517172
352.4361056	0.146543848
352.4361056	0.146570524
352.4361056	0.146597199
352.4361056	0.146623875
352.4361056	0.14665055
352.4361056	0.146677226
352.4361056	0.146703901
352.4361056	0.146730577
352.4361056	0.146757252
352.4361056	0.146783928
352.4361056	0.146810604
352.4361056	0.146837279
352.4361056	0.146863955
352.4361056	0.14689063
352.4361056	0.146917306
352.4361056	0.146943981
352.4361056	0.146970657
352.4361056	0.146997332
352.4361056	0.147024008
352.4361056	0.147050684
352.4361056	0.147077359
352.4361056	0.147104035
352.4361056	0.14713071
352.4361056	0.147157386
352.4361056	0.147184061
352.4361056	0.147210737
352.4361056	0.147237412
352.4361056	0.147264088
352.4361056	0.147290764
352.4361056	0.147317439
352.4361056	0.147344115
352.4361056	0.14737079
352.4361056	0.147397466
352.4361056	0.147424141
352.4361056	0.147450817
352.4361056	0.147477492
352.4361056	0.147504168
352.4361056	0.147530844
352.4361056	0.147557519
352.4361056	0.147584195
352.4361056	0.14761087
352.4361056	0.147637546
352.4361056	0.147664221
352.4361056	0.147690897
352.4361056	0.147717573
352.0304973	0.147744248
352.0304973	0.147770924
352.0304973	0.147797599
352.0304973	0.147824275
352.0304973	0.14785095
352.0304973	0.147877626
352.0304973	0.147904301
352.0304973	0.147930977
352.0304973	0.147957653
352.0304973	0.147984328
352.0304973	0.148011004
352.0304973	0.148037679
352.0304973	0.148064355
352.0304973	0.14809103
352.0304973	0.148117706
352.0304973	0.148144381
352.0304973	0.148171057
352.0304973	0.148197733
352.0304973	0.148224408
352.0304973	0.148251084
352.0304973	0.148277759
352.0304973	0.148304435
352.0304973	0.14833111
352.0304973	0.148357786
352.0304973	0.148384461
352.0304973	0.148411137
352.0304973	0.148437813
352.0304973	0.148464488
352.0304973	0.148491164
352.0304973	0.148517839
352.0304973	0.148544515
352.0304973	0.14857119
352.0304973	0.148597866
352.0304973	0.148624542
352.0304973	0.148651217
352.0304973	0.148677893
352.0304973	0.148704568
352.0304973	0.148731244
352.0304973	0.148757919
352.0304973	0.148784595
352.0304973	0.14881127
352.0304973	0.148837946
352.0304973	0.148864622
352.0304973	0.148891297
352.0304973	0.148917973
352.0304973	0.148944648
352.0304973	0.148971324
352.0304973	0.148997999
352.0304973	0.149024675
352.0304973	0.14905135
352.0304973	0.149078026
352.0304973	0.149104702
352.0304973	0.149131377
352.0304973	0.149158053
352.0304973	0.149184728
352.0304973	0.149211404
352.0304973	0.149238079
352.0304973	0.149264755
352.0304973	0.14929143
352.0304973	0.149318106
352.0304973	0.149344782
352.0304973	0.149371457
352.0304973	0.149398133
352.0304973	0.149424808
352.0304973	0.149451484
352.0304973	0.149478159
352.0304973	0.149504835
352.0304973	0.149531511
352.0304973	0.149558186
352.0304973	0.149584862
352.0304973	0.149611537
352.0304973	0.149638213
352.0304973	0.149664888
352.0304973	0.149691564
352.0304973	0.149718239
352.0304973	0.149744915
352.0304973	0.149771591
352.0304973	0.149798266
352.0304973	0.149824942
352.0304973	0.149851617
352.0304973	0.149878293
352.0304973	0.149904968
352.0304973	0.149931644
352.0304973	0.149958319
352.0304973	0.149984995
352.0304973	0.150011671
351.6253558	0.150038346
351.6253558	0.150065022
351.6253558	0.150091697
351.6253558	0.150118373
351.6253558	0.150145048
351.6253558	0.150171724
351.6253558	0.150198399
351.6253558	0.150225075
351.6253558	0.150251751
351.6253558	0.150278426
351.6253558	0.150305102
351.6253558	0.150331777
351.6253558	0.150358453
351.6253558	0.150385128
351.6253558	0.150411804
351.6253558	0.150438479
351.6253558	0.150465155
351.6253558	0.150491831
351.6253558	0.150518506
351.6253558	0.150545182
351.6253558	0.150571857
351.6253558	0.150598533
351.6253558	0.150625208
351.6253558	0.150651884
351.6253558	0.15067856
351.6253558	0.150705235
351.6253558	0.150731911
351.6253558	0.150758586
351.6253558	0.150785262
351.6253558	0.150811937
351.6253558	0.150838613
351.6253558	0.150865288
351.6253558	0.150891964
351.6253558	0.15091864
351.6253558	0.150945315
351.6253558	0.150971991
351.6253558	0.150998666
351.6253558	0.151025342
351.6253558	0.151052017
351.6253558	0.151078693
351.6253558	0.151105368
351.6253558	0.151132044
351.6253558	0.15115872
351.6253558	0.151185395
351.6253558	0.151212071
351.6253558	0.151238746
351.6253558	0.151265422
351.6253558	0.151292097
351.6253558	0.151318773
351.6253558	0.151345448
351.6253558	0.151372124
351.6253558	0.1513988
351.6253558	0.151425475
351.6253558	0.151452151
351.6253558	0.151478826
351.6253558	0.151505502
351.6253558	0.151532177
351.6253558	0.151558853
351.6253558	0.151585529
351.6253558	0.151612204
351.6253558	0.15163888
351.6253558	0.151665555
351.6253558	0.151692231
351.6253558	0.151718906
351.6253558	0.151745582
351.6253558	0.151772257
351.6253558	0.151798933
351.6253558	0.151825609
351.6253558	0.151852284
351.6253558	0.15187896
351.6253558	0.151905635
351.6253558	0.151932311
351.6253558	0.151958986
351.6253558	0.151985662
351.6253558	0.152012337
351.6253558	0.152039013
351.6253558	0.152065689
351.6253558	0.152092364
351.6253558	0.15211904
351.6253558	0.152145715
351.6253558	0.152172391
351.6253558	0.152199066
351.6253558	0.152225742
351.6253558	0.152252417
351.6253558	0.152279093
351.6253558	0.152305769
351.6253558	0.152332444
351.6253558	0.15235912
351.2206805	0.152385795
351.2206805	0.152412471
351.2206805	0.152439146
351.2206805	0.152465822
351.2206805	0.152492497
351.2206805	0.152519173
351.2206805	0.152545849
351.2206805	0.152572524
351.2206805	0.1525992
351.2206805	0.152625875
351.2206805	0.152652551
351.2206805	0.152679226
351.2206805	0.152705902
351.2206805	0.152732578
351.2206805	0.152759253
351.2206805	0.152785929
351.2206805	0.152812604
351.2206805	0.15283928
351.2206805	0.152865955
351.2206805	0.152892631
351.2206805	0.152919306
351.2206805	0.152945982
351.2206805	0.152972658
351.2206805	0.152999333
351.2206805	0.153026009
351.2206805	0.153052684
351.2206805	0.15307936
351.2206805	0.153106035
351.2206805	0.153132711
351.2206805	0.153159386
351.2206805	0.153186062
351.2206805	0.153212738
351.2206805	0.153239413
351.2206805	0.153266089
351.2206805	0.153292764
351.2206805	0.15331944
351.2206805	0.153346115
351.2206805	0.153372791
351.2206805	0.153399466
351.2206805	0.153426142
351.2206805	0.153452818
351.2206805	0.153479493
351.2206805	0.153506169
351.2206805	0.153532844
351.2206805	0.15355952
351.2206805	0.153586195
351.2206805	0.153612871
351.2206805	0.153639547
351.2206805	0.153666222
351.2206805	0.153692898
351.2206805	0.153719573
351.2206805	0.153746249
351.2206805	0.153772924
351.2206805	0.1537996
351.2206805	0.153826275
351.2206805	0.153852951
351.2206805	0.153879627
351.2206805	0.153906302
351.2206805	0.153932978
351.2206805	0.153959653
351.2206805	0.153986329
351.2206805	0.154013004
351.2206805	0.15403968
351.2206805	0.154066355
351.2206805	0.154093031
351.2206805	0.154119707
351.2206805	0.154146382
351.2206805	0.154173058
351.2206805	0.154199733
351.2206805	0.154226409
351.2206805	0.154253084
351.2206805	0.15427976
351.2206805	0.154306435
351.2206805	0.154333111
351.2206805	0.154359787
351.2206805	0.154386462
351.2206805	0.154413138
351.2206805	0.154439813
351.2206805	0.154466489
351.2206805	0.154493164
351.2206805	0.15451984
351.2206805	0.154546516
351.2206805	0.154573191
351.2206805	0.154599867
351.2206805	0.154626542
351.2206805	0.154653218
351.2206805	0.154679893
351.2206805	0.154706569
351.2206805	0.154733244
351.2206805	0.15475992
351.2206805	0.154786596
351.2206805	0.154813271
351.2206805	0.154839947
351.2206805	0.154866622
351.2206805	0.154893298
351.2206805	0.154919973
351.2206805	0.154946649
351.2206805	0.154973324
351.2206805	0.155
