Qmin	Rr
9881.107697	0.090072357
9425.912291	0.090118373
9210.497336	0.090164388
9443.36159	0.090187396
8786.195102	0.090210403
9227.547858	0.090233411
8381.439302	0.090256419
9244.629944	0.090302434
8002.726563	0.090325442
9033.357923	0.090348449
9487.126292	0.090371457
8826.914204	0.090394465
9270.312384	0.090417472
8024.95888	0.09044048
7473.407297	0.090463488
7129.128014	0.090486495
6966.202587	0.090509503
6807.000573	0.090532511
7856.076934	0.090555519
7316.132525	0.090578526
6657.590622	0.090601534
7501.102531	0.090624542
7155.547405	0.090647549
7690.749038	0.090670557
7162.167537	0.090693565
6998.487041	0.090716572
7343.244925	0.09073958
7004.961864	0.090762588
6228.75122	0.090785595
5947.307025	0.090808603
6851.206771	0.090831611
6694.632813	0.090854618
6240.281918	0.090877626
6700.826518	0.090900634
6246.055269	0.090923641
6398.051747	0.090946649
6251.833961	0.090969657
6403.971063	0.090992664
6257.618	0.091015672
6114.609614	0.09103868
5200.996288	0.091061687
5980.397267	0.091084695
5843.724342	0.091107703
4975.183951	0.09113071
5849.130808	0.091153718
5457.206589	0.091176726
5096.254035	0.091199733
5462.255459	0.091222741
4984.394038	0.091245749
5220.270336	0.091268756
4989.005473	0.091291764
5105.688248	0.091314772
4663.331257	0.091337779
4560.973678	0.091360787
4884.013913	0.091383795
4998.241147	0.091406802
4464.98987	0.09142981
4671.964041	0.091452818
4569.416977	0.091475825
4893.055226	0.091498833
4275.084364	0.091521841
4473.255484	0.091544848
4375.069965	0.091567856
4577.875907	0.091590864
4477.394027	0.091613871
4282.998424	0.091636879
4481.536398	0.091659887
4383.169118	0.091682894
4010.822343	0.091705902
4485.682602	0.09172891
4387.224315	0.091751917
4104.627388	0.091774925
4391.283264	0.091797933
3930.048864	0.09182094
4108.424885	0.091843948
3847.342608	0.091866956
3933.684846	0.091889963
3766.376871	0.091912971
3850.902072	0.091935979
3937.324191	0.091958986
3769.861428	0.091981994
3854.464829	0.092005002
4029.410263	0.092028009
3773.349208	0.092051017
3858.030883	0.092074025
3693.940632	0.092097032
3776.840216	0.09212004
3861.600235	0.092143048
3697.358173	0.092166055
3780.334453	0.092189063
3619.548796	0.092212071
3700.778875	0.092235078
3395.808351	0.092258086
3622.897511	0.092281094
3546.655129	0.092304101
3472.017236	0.092327109
3626.249325	0.092350117
3549.936405	0.092373124
3475.229459	0.092396132
3260.410034	0.09241914
3553.220716	0.092442147
3478.444653	0.092465155
3194.74902	0.092488163
3333.580305	0.09251117
3333.580305	0.092534178
3130.410346	0.092557186
3336.664449	0.092580193
3266.445723	0.092603201
3133.306522	0.092626209
3200.663157	0.092649216
3269.467756	0.092672224
3070.205231	0.092695232
3136.205378	0.092718239
3203.62433	0.092741247
3073.045707	0.092764255
3073.045707	0.092787262
3139.106916	0.09281027
3011.158001	0.092833278
2950.516644	0.092856285
3075.888811	0.092879293
2891.096537	0.092902301
3013.943848	0.092925308
3078.734546	0.092948316
2953.246388	0.092971324
2893.771306	0.092994331
3016.732273	0.093017339
2955.978657	0.093040347
2955.978657	0.093063354
2896.44855	0.093086362
2838.117314	0.09310937
2780.960803	0.093132377
2899.128271	0.093155385
2899.128271	0.093178393
2840.743068	0.0932014
2783.533678	0.093224408
2783.533678	0.093247416
2675.020667	0.093270423
2675.020667	0.093293431
2729.999812	0.093316439
2786.108932	0.093339446
2623.573761	0.093362454
2623.573761	0.093385462
2677.495529	0.093408469
2732.525539	0.093431477
2573.1163	0.093454485
2626.001026	0.093477492
2626.001026	0.0935005
2679.97268	0.093523508
2575.496882	0.093546516
2575.496882	0.093569523
2628.430535	0.093592531
2525.964051	0.093615539
2477.383853	0.093638546
2477.383853	0.093661554
2577.879667	0.093684562
2528.301009	0.093707569
2528.301009	0.093730577
2479.675866	0.093753585
2479.675866	0.093776592
2431.985897	0.0937996
2431.985897	0.093822608
2530.640129	0.093845615
2530.640129	0.093868623
2481.969999	0.093891631
2434.235909	0.093914638
2387.419857	0.093937646
2387.419857	0.093960654
2484.266255	0.093983661
2484.266255	0.094006669
2436.488003	0.094029677
2436.488003	0.094052684
2389.628638	0.094075692
2389.628638	0.0940987
2300.722825	0.094121707
2300.722825	0.094144715
2300.722825	0.094167723
2345.838793	0.09419073
2391.839462	0.094213738
2258.562175	0.094236746
2258.562175	0.094259753
2258.562175	0.094282761
2302.851395	0.094305769
2302.851395	0.094328776
2217.174118	0.094351784
2217.174118	0.094374792
2260.65174	0.094397799
2260.65174	0.094420807
2260.65174	0.094443815
2219.225391	0.094466822
2219.225391	0.09448983
2219.225391	0.094512838
2219.225391	0.094535845
2178.558178	0.094558853
2178.558178	0.094581861
2138.636191	0.094604868
2138.636191	0.094627876
2221.278562	0.094650884
2099.445772	0.094673891
2180.573725	0.094696899
2180.573725	0.094719907
2180.573725	0.094742914
2140.614803	0.094765922
2062.880277	0.09478893
2101.388126	0.094811937
2101.388126	0.094834945
2101.388126	0.094857953
2142.595246	0.09488096
2142.595246	0.094903968
2026.951633	0.094926976
2064.788801	0.094949983
2064.788801	0.094972991
2103.332277	0.094995999
2103.332277	0.095019006
1991.648749	0.095042014
1991.648749	0.095065022
1991.648749	0.095088029
2028.826917	0.095111037
2028.826917	0.095134045
2066.699092	0.095157052
1956.960726	0.09518006
1956.960726	0.095203068
1993.491372	0.095226075
1993.491372	0.095249083
1993.491372	0.095272091
1993.491372	0.095295098
1958.771257	0.095318106
1958.771257	0.095341114
1958.771257	0.095364121
1958.771257	0.095387129
1924.655852	0.095410137
1924.655852	0.095433144
1924.655852	0.095456152
1891.134627	0.09547916
1891.134627	0.095502167
1891.134627	0.095525175
1960.583462	0.095548183
1891.134627	0.09557119
1926.436495	0.095594198
1926.436495	0.095617206
1926.436495	0.095640213
1926.436495	0.095663221
1892.884257	0.095686229
1892.884257	0.095709236
1859.916389	0.095732244
1859.916389	0.095755252
1859.916389	0.095778259
1859.916389	0.095801267
1859.916389	0.095824275
1859.916389	0.095847282
1797.354561	0.09587029
1797.354561	0.095893298
1797.354561	0.095916305
1829.213492	0.095939313
1829.213492	0.095962321
1829.213492	0.095985328
1829.213492	0.096008336
1767.684414	0.096031344
1767.684414	0.096054351
1767.684414	0.096077359
1767.684414	0.096100367
1799.017428	0.096123374
1799.017428	0.096146382
1799.017428	0.09616939
1799.017428	0.096192397
1799.017428	0.096215405
1799.017428	0.096238413
1769.319831	0.09626142
1769.319831	0.096284428
1769.319831	0.096307436
1769.319831	0.096330443
1769.319831	0.096353451
1769.319831	0.096376459
1769.319831	0.096399466
1740.112472	0.096422474
1740.112472	0.096445482
1740.112472	0.096468489
1740.112472	0.096491497
1740.112472	0.096514505
1711.387259	0.096537513
1683.136233	0.09656052
1683.136233	0.096583528
1683.136233	0.096606536
1683.136233	0.096629543
1683.136233	0.096652551
1683.136233	0.096675559
1683.136233	0.096698566
1683.136233	0.096721574
1656.883055	0.096744582
1656.883055	0.096767589
1656.883055	0.096790597
1629.531766	0.096813605
1629.531766	0.096836612
1656.883055	0.09685962
1656.883055	0.096882628
1656.883055	0.096905635
1656.883055	0.096928643
1656.883055	0.096951651
1656.883055	0.096974658
1604.114698	0.096997666
1604.114698	0.097020674
1604.114698	0.097043681
1604.114698	0.097066689
1604.114698	0.097089697
1604.114698	0.097112704
1604.114698	0.097135712
1579.09408	0.09715872
1579.09408	0.097181727
1579.09408	0.097204735
1579.09408	0.097227743
1579.09408	0.09725075
1579.09408	0.097273758
1579.09408	0.097296766
1554.463727	0.097319773
1554.463727	0.097342781
1554.463727	0.097365789
1554.463727	0.097388796
1554.463727	0.097411804
1554.463727	0.097434812
1554.463727	0.097457819
1554.463727	0.097480827
1554.463727	0.097503835
1554.463727	0.097526842
1554.463727	0.09754985
1554.463727	0.097572858
1531.633272	0.097595865
1531.633272	0.097618873
1531.633272	0.097641881
1531.633272	0.097664888
1507.743203	0.097687896
1507.743203	0.097710904
1507.743203	0.097733911
1507.743203	0.097756919
1507.743203	0.097779927
1507.743203	0.097802934
1507.743203	0.097825942
1507.743203	0.09784895
1507.743203	0.097871957
1507.743203	0.097894965
1507.743203	0.097917973
1507.743203	0.09794098
1507.743203	0.097963988
1507.743203	0.097986996
1507.743203	0.098010003
1507.743203	0.098033011
1462.426897	0.098056019
1462.426897	0.098079026
1462.426897	0.098102034
1462.426897	0.098125042
1462.426897	0.098148049
1485.598933	0.098171057
1485.598933	0.098194065
1485.598933	0.098217072
1440.94819	0.09824008
1440.94819	0.098263088
1440.94819	0.098286095
1440.94819	0.098309103
1440.94819	0.098332111
1440.94819	0.098355118
1440.94819	0.098378126
1440.94819	0.098401134
1440.94819	0.098424141
1419.784941	0.098447149
1419.784941	0.098470157
1419.784941	0.098493164
1419.784941	0.098516172
1419.784941	0.09853918
1419.784941	0.098562187
1419.784941	0.098585195
1419.784941	0.098608203
1419.784941	0.09863121
1419.784941	0.098654218
1419.784941	0.098677226
1419.784941	0.098700233
1419.784941	0.098723241
1419.784941	0.098746249
1419.784941	0.098769256
1419.784941	0.098792264
1419.784941	0.098815272
1379.661602	0.098838279
1379.661602	0.098861287
1379.661602	0.098884295
1379.661602	0.098907302
1379.661602	0.09893031
1379.661602	0.098953318
1379.661602	0.098976325
1379.661602	0.098999333
1379.661602	0.099022341
1379.661602	0.099045348
1379.661602	0.099068356
1379.661602	0.099091364
1379.661602	0.099114371
1379.661602	0.099137379
1379.661602	0.099160387
1379.661602	0.099183394
1379.661602	0.099206402
1379.661602	0.09922941
1340.672154	0.099252417
1340.672154	0.099275425
1340.672154	0.099298433
1340.672154	0.09932144
1340.672154	0.099344448
1340.672154	0.099367456
1340.672154	0.099390463
1340.672154	0.099413471
1340.672154	0.099436479
1340.672154	0.099459486
1340.672154	0.099482494
1340.672154	0.099505502
1340.672154	0.09952851
1340.672154	0.099551517
1340.672154	0.099574525
1340.672154	0.099597533
1340.672154	0.09962054
1340.672154	0.099643548
1322.203801	0.099666556
1303.989858	0.099689563
1303.989858	0.099712571
1303.989858	0.099735579
1303.989858	0.099758586
1303.989858	0.099781594
1303.989858	0.099804602
1303.989858	0.099827609
1303.989858	0.099850617
1303.989858	0.099873625
1303.989858	0.099896632
1286.02682	0.09991964
1286.02682	0.099942648
1286.02682	0.099965655
1286.02682	0.099988663
1286.02682	0.100011671
1286.02682	0.100034678
1286.02682	0.100057686
1286.02682	0.100080694
1286.02682	0.100103701
1286.02682	0.100126709
1286.02682	0.100149717
1286.02682	0.100172724
1286.02682	0.100195732
1286.02682	0.10021874
1286.02682	0.100241747
1286.02682	0.100264755
1286.02682	0.100287763
1286.02682	0.10031077
1268.31123	0.100333778
1251.996926	0.100356786
1251.996926	0.100379793
1251.996926	0.100402801
1251.996926	0.100425809
1251.996926	0.100448816
1251.996926	0.100471824
1251.996926	0.100494832
1268.31123	0.100517839
1268.31123	0.100540847
1251.996926	0.100563855
1251.996926	0.100586862
1251.996926	0.10060987
1251.996926	0.100632878
1251.996926	0.100655885
1251.996926	0.100678893
1251.996926	0.100701901
1251.996926	0.100724908
1251.996926	0.100747916
1251.996926	0.100770924
1234.750114	0.100793931
1234.750114	0.100816939
1234.750114	0.100839947
1234.750114	0.100862954
1234.750114	0.100885962
1234.750114	0.10090897
1234.750114	0.100931977
1234.750114	0.100954985
1234.750114	0.100977993
1234.750114	0.101001
1218.867507	0.101024008
1218.867507	0.101047016
1218.867507	0.101070023
1218.867507	0.101093031
1218.867507	0.101116039
1218.867507	0.101139046
1218.867507	0.101162054
1218.867507	0.101185062
1218.867507	0.101208069
1218.867507	0.101231077
1203.189198	0.101254085
1203.189198	0.101277092
1203.189198	0.1013001
1203.189198	0.101323108
1203.189198	0.101346115
1203.189198	0.101369123
1203.189198	0.101392131
1203.189198	0.101415138
1203.189198	0.101438146
1203.189198	0.101461154
1203.189198	0.101484161
1187.71256	0.101507169
1187.71256	0.101530177
1187.71256	0.101553184
1173.519705	0.101576192
1173.519705	0.1015992
1173.519705	0.101622207
1173.519705	0.101645215
1173.519705	0.101668223
1173.519705	0.10169123
1187.71256	0.101714238
1187.71256	0.101737246
1173.519705	0.101760253
1173.519705	0.101783261
1173.519705	0.101806269
1173.519705	0.101829276
1173.519705	0.101852284
1173.519705	0.101875292
1158.424705	0.101898299
1158.424705	0.101921307
1158.424705	0.101944315
1158.424705	0.101967322
1158.424705	0.10199033
1158.424705	0.102013338
1158.424705	0.102036345
1158.424705	0.102059353
1158.424705	0.102082361
1158.424705	0.102105368
1158.424705	0.102128376
1158.424705	0.102151384
1158.424705	0.102174391
1144.581832	0.102197399
1144.581832	0.102220407
1144.581832	0.102243414
1144.581832	0.102266422
1144.581832	0.10228943
1144.581832	0.102312437
1144.581832	0.102335445
1130.904378	0.102358453
1130.904378	0.10238146
1130.904378	0.102404468
1130.904378	0.102427476
1130.904378	0.102450483
1130.904378	0.102473491
1130.904378	0.102496499
1130.904378	0.102519507
1130.904378	0.102542514
1130.904378	0.102565522
1130.904378	0.10258853
1130.904378	0.102611537
1117.390366	0.102634545
1117.390366	0.102657553
1117.390366	0.10268056
1117.390366	0.102703568
1117.390366	0.102726576
1117.390366	0.102749583
1117.390366	0.102772591
1117.390366	0.102795599
1117.390366	0.102818606
1117.390366	0.102841614
1117.390366	0.102864622
1104.037843	0.102887629
1104.037843	0.102910637
1104.037843	0.102933645
1104.037843	0.102956652
1104.037843	0.10297966
1104.037843	0.103002668
1104.037843	0.103025675
1104.037843	0.103048683
1104.037843	0.103071691
1104.037843	0.103094698
1104.037843	0.103117706
1104.037843	0.103140714
1104.037843	0.103163721
1104.037843	0.103186729
1104.037843	0.103209737
1104.037843	0.103232744
1104.037843	0.103255752
1104.037843	0.10327876
1090.844879	0.103301767
1090.844879	0.103324775
1090.844879	0.103347783
1090.844879	0.10337079
1090.844879	0.103393798
1090.844879	0.103416806
1090.844879	0.103439813
1090.844879	0.103462821
1090.844879	0.103485829
1090.844879	0.103508836
1090.844879	0.103531844
1078.80673	0.103554852
1078.80673	0.103577859
1078.80673	0.103600867
1078.80673	0.103623875
1078.80673	0.103646882
1078.80673	0.10366989
1078.80673	0.103692898
1078.80673	0.103715905
1078.80673	0.103738913
1066.901429	0.103761921
1066.901429	0.103784928
1066.901429	0.103807936
1066.901429	0.103830944
1066.901429	0.103853951
1077.809567	0.103876959
1077.809567	0.103899967
1066.901429	0.103922974
1065.915271	0.103945982
1065.915271	0.10396899
1065.915271	0.103991997
1065.915271	0.104015005
1065.915271	0.104038013
1055.12751	0.10406102
1065.915271	0.104084028
1065.915271	0.104107036
1065.915271	0.104130043
1065.915271	0.104153051
1065.915271	0.104176059
1065.915271	0.104199066
1054.152235	0.104222074
1054.152235	0.104245082
1054.152235	0.104268089
1054.152235	0.104291097
1054.152235	0.104314105
1054.152235	0.104337112
1054.152235	0.10436012
1054.152235	0.104383128
1054.152235	0.104406135
1054.152235	0.104429143
1054.152235	0.104452151
1054.152235	0.104475158
1054.152235	0.104498166
1042.519012	0.104521174
1042.519012	0.104544181
1042.519012	0.104567189
1042.519012	0.104590197
1042.519012	0.104613204
1042.519012	0.104636212
1031.968037	0.10465922
1031.968037	0.104682227
1031.968037	0.104705235
1042.519012	0.104728243
1042.519012	0.10475125
1042.519012	0.104774258
1042.519012	0.104797266
1031.968037	0.104820273
1031.968037	0.104843281
1031.968037	0.104866289
1031.968037	0.104889296
1031.014168	0.104912304
1031.014168	0.104935312
1031.014168	0.104958319
1031.014168	0.104981327
1031.014168	0.105004335
1031.014168	0.105027342
1031.014168	0.10505035
1031.014168	0.105073358
1031.014168	0.105096365
1020.57963	0.105119373
1020.57963	0.105142381
1020.57963	0.105165388
1020.57963	0.105188396
1020.57963	0.105211404
1020.57963	0.105234411
1020.57963	0.105257419
1010.250695	0.105280427
1010.250695	0.105303434
1010.250695	0.105326442
1010.250695	0.10534945
1010.250695	0.105372457
1010.250695	0.105395465
1010.250695	0.105418473
1010.250695	0.10544148
1010.250695	0.105464488
1010.250695	0.105487496
1010.250695	0.105510504
1009.316901	0.105533511
1009.316901	0.105556519
1009.316901	0.105579527
1000.026296	0.105602534
1000.026296	0.105625542
1009.316901	0.10564855
1009.316901	0.105671557
1009.316901	0.105694565
1009.316901	0.105717573
1009.316901	0.10574058
999.1019526	0.105763588
999.1019526	0.105786596
999.1019526	0.105809603
999.1019526	0.105832611
999.1019526	0.105855619
999.1019526	0.105878626
999.1019526	0.105901634
999.1019526	0.105924642
999.1019526	0.105947649
999.1019526	0.105970657
999.1019526	0.105993665
999.1019526	0.106016672
999.1019526	0.10603968
999.1019526	0.106062688
988.9903864	0.106085695
988.9903864	0.106108703
988.9903864	0.106131711
988.9903864	0.106154718
988.9903864	0.106177726
988.9903864	0.106200734
988.9903864	0.106223741
988.9903864	0.106246749
988.9903864	0.106269757
988.9903864	0.106292764
988.9903864	0.106315772
988.9903864	0.10633878
988.9903864	0.106361787
988.9903864	0.106384795
979.8868845	0.106407803
978.9811559	0.10643081
978.9811559	0.106453818
978.9811559	0.106476826
978.9811559	0.106499833
978.9811559	0.106522841
978.9811559	0.106545849
978.9811559	0.106568856
978.9811559	0.106591864
978.9811559	0.106614872
978.9811559	0.106637879
969.9697874	0.106660887
969.9697874	0.106683895
969.9697874	0.106706902
969.9697874	0.10672991
969.9697874	0.106752918
969.9697874	0.106775925
969.9697874	0.106798933
969.9697874	0.106821941
969.9697874	0.106844948
969.9697874	0.106867956
969.0732254	0.106890964
969.0732254	0.106913971
969.0732254	0.106936979
969.0732254	0.106959987
969.0732254	0.106982994
969.0732254	0.107006002
969.0732254	0.10702901
969.0732254	0.107052017
960.1530579	0.107075025
960.1530579	0.107098033
960.1530579	0.10712104
960.1530579	0.107144048
960.1530579	0.107167056
960.1530579	0.107190063
960.1530579	0.107213071
960.1530579	0.107236079
960.1530579	0.107259086
960.1530579	0.107282094
960.1530579	0.107305102
951.3149991	0.107328109
951.3149991	0.107351117
951.3149991	0.107374125
951.3149991	0.107397132
951.3149991	0.10742014
951.3149991	0.107443148
951.3149991	0.107466155
951.3149991	0.107489163
951.3149991	0.107512171
951.3149991	0.107535178
951.3149991	0.107558186
951.3149991	0.107581194
951.3149991	0.107604201
950.43568	0.107627209
942.5582932	0.107650217
942.5582932	0.107673224
942.5582932	0.107696232
942.5582932	0.10771924
942.5582932	0.107742247
950.43568	0.107765255
942.5582932	0.107788263
942.5582932	0.10781127
942.5582932	0.107834278
942.5582932	0.107857286
942.5582932	0.107880293
941.6870681	0.107903301
941.6870681	0.107926309
941.6870681	0.107949316
941.6870681	0.107972324
941.6870681	0.107995332
933.8821915	0.108018339
933.8821915	0.108041347
933.8821915	0.108064355
941.6870681	0.108087362
941.6870681	0.10811037
941.6870681	0.108133378
933.8821915	0.108156385
933.8821915	0.108179393
933.8821915	0.108202401
933.8821915	0.108225408
933.8821915	0.108248416
933.0189859	0.108271424
933.0189859	0.108294431
933.0189859	0.108317439
933.0189859	0.108340447
933.0189859	0.108363454
933.0189859	0.108386462
933.0189859	0.10840947
933.0189859	0.108432477
933.0189859	0.108455485
933.0189859	0.108478493
925.2859519	0.108501501
925.2859519	0.108524508
925.2859519	0.108547516
925.2859519	0.108570524
925.2859519	0.108593531
925.2859519	0.108616539
925.2859519	0.108639547
925.2859519	0.108662554
925.2859519	0.108685562
924.430692	0.10870857
924.430692	0.108731577
917.6170107	0.108754585
924.430692	0.108777593
924.430692	0.1088006
924.430692	0.108823608
924.430692	0.108846616
924.430692	0.108869623
916.7688394	0.108892631
916.7688394	0.108915639
916.7688394	0.108938646
916.7688394	0.108961654
916.7688394	0.108984662
916.7688394	0.109007669
916.7688394	0.109030677
916.7688394	0.109053685
916.7688394	0.109076692
916.7688394	0.1090997
916.7688394	0.109122708
909.1704896	0.109145715
909.1704896	0.109168723
909.1704896	0.109191731
909.1704896	0.109214738
909.1704896	0.109237746
909.1704896	0.109260754
909.1704896	0.109283761
909.1704896	0.109306769
909.1704896	0.109329777
909.1704896	0.109352784
909.1704896	0.109375792
909.1704896	0.1093988
908.3301255	0.109421807
908.3301255	0.109444815
908.3301255	0.109467823
908.3301255	0.10949083
908.3301255	0.109513838
901.6351163	0.109536846
908.3301255	0.109559853
908.3301255	0.109582861
908.3301255	0.109605869
908.3301255	0.109628876
901.6351163	0.109651884
901.6351163	0.109674892
900.8017174	0.109697899
900.8017174	0.109720907
900.8017174	0.109743915
900.8017174	0.109766922
900.8017174	0.10978993
900.8017174	0.109812938
900.8017174	0.109835945
900.8017174	0.109858953
900.8017174	0.109881961
900.8017174	0.109904968
900.8017174	0.109927976
900.8017174	0.109950984
900.8017174	0.109973991
900.8017174	0.109996999
900.8017174	0.110020007
894.1621976	0.110043014
893.335706	0.110066022
893.335706	0.11008903
893.335706	0.110112037
893.335706	0.110135045
893.335706	0.110158053
893.335706	0.11018106
893.335706	0.110204068
893.335706	0.110227076
893.335706	0.110250083
893.335706	0.110273091
893.335706	0.110296099
886.7512159	0.110319106
886.7512159	0.110342114
886.7512159	0.110365122
886.7512159	0.110388129
886.7512159	0.110411137
886.7512159	0.110434145
886.7512159	0.110457152
885.9315744	0.11048016
885.9315744	0.110503168
885.9315744	0.110526175
885.9315744	0.110549183
885.9315744	0.110572191
885.9315744	0.110595198
885.9315744	0.110618206
885.9315744	0.110641214
885.9315744	0.110664221
885.9315744	0.110687229
885.9315744	0.110710237
879.4016577	0.110733244
879.4016577	0.110756252
879.4016577	0.11077926
879.4016577	0.110802267
879.4016577	0.110825275
879.4016577	0.110848283
879.4016577	0.11087129
879.4016577	0.110894298
879.4016577	0.110917306
879.4016577	0.110940313
879.4016577	0.110963321
878.5888096	0.110986329
878.5888096	0.111009336
878.5888096	0.111032344
878.5888096	0.111055352
878.5888096	0.111078359
878.5888096	0.111101367
878.5888096	0.111124375
878.5888096	0.111147382
878.5888096	0.11117039
878.5888096	0.111193398
878.5888096	0.111216405
878.5888096	0.111239413
872.1130141	0.111262421
872.1130141	0.111285428
872.1130141	0.111308436
872.1130141	0.111331444
872.1130141	0.111354451
872.1130141	0.111377459
872.1130141	0.111400467
872.1130141	0.111423474
872.1130141	0.111446482
872.1130141	0.11146949
872.1130141	0.111492497
872.1130141	0.111515505
871.3069029	0.111538513
865.6849495	0.111561521
865.6849495	0.111584528
865.6849495	0.111607536
865.6849495	0.111630544
865.6849495	0.111653551
865.6849495	0.111676559
865.6849495	0.111699567
865.6849495	0.111722574
865.6849495	0.111745582
865.6849495	0.11176859
865.6849495	0.111791597
864.88478	0.111814605
864.88478	0.111837613
864.88478	0.11186062
864.88478	0.111883628
864.88478	0.111906636
864.88478	0.111929643
864.88478	0.111952651
864.88478	0.111975659
864.88478	0.111998666
864.88478	0.112021674
864.88478	0.112044682
864.88478	0.112067689
864.88478	0.112090697
859.3042642	0.112113705
859.3042642	0.112136712
858.5099925	0.11215972
858.5099925	0.112182728
858.5099925	0.112205735
858.5099925	0.112228743
858.5099925	0.112251751
858.5099925	0.112274758
858.5099925	0.112297766
858.5099925	0.112320774
858.5099925	0.112343781
858.5099925	0.112366789
858.5099925	0.112389797
858.5099925	0.112412804
852.9706089	0.112435812
852.9706089	0.11245882
852.9706089	0.112481827
852.9706089	0.112504835
852.9706089	0.112527843
852.9706089	0.11255085
852.1821915	0.112573858
852.1821915	0.112596866
852.1821915	0.112619873
852.1821915	0.112642881
852.1821915	0.112665889
852.1821915	0.112688896
852.1821915	0.112711904
852.1821915	0.112734912
852.1821915	0.112757919
852.1821915	0.112780927
852.1821915	0.112803935
852.1821915	0.112826942
852.1821915	0.11284995
846.6836369	0.112872958
846.6836369	0.112895965
846.6836369	0.112918973
846.6836369	0.112941981
846.6836369	0.112964988
846.6836369	0.112987996
846.6836369	0.113011004
846.6836369	0.113034011
845.9010306	0.113057019
845.9010306	0.113080027
845.9010306	0.113103034
845.9010306	0.113126042
845.9010306	0.11314905
845.9010306	0.113172057
845.9010306	0.113195065
845.9010306	0.113218073
845.9010306	0.11324108
845.9010306	0.113264088
845.9010306	0.113287096
845.9010306	0.113310103
840.4430041	0.113333111
840.4430041	0.113356119
840.4430041	0.113379126
840.4430041	0.113402134
840.4430041	0.113425142
840.4430041	0.113448149
840.4430041	0.113471157
840.4430041	0.113494165
840.4430041	0.113517172
840.4430041	0.11354018
840.4430041	0.113563188
840.4430041	0.113586195
840.4430041	0.113609203
839.6661662	0.113632211
839.6661662	0.113655218
839.6661662	0.113678226
839.6661662	0.113701234
839.6661662	0.113724241
839.6661662	0.113747249
839.6661662	0.113770257
839.6661662	0.113793264
839.6661662	0.113816272
839.6661662	0.11383928
839.6661662	0.113862287
834.2483691	0.113885295
834.2483691	0.113908303
834.2483691	0.11393131
834.2483691	0.113954318
834.2483691	0.113977326
834.2483691	0.114000333
834.2483691	0.114023341
834.2483691	0.114046349
834.2483691	0.114069356
834.2483691	0.114092364
834.2483691	0.114115372
834.2483691	0.114138379
834.2483691	0.114161387
834.2483691	0.114184395
834.2483691	0.114207402
834.2483691	0.11423041
828.8655293	0.114253418
828.8655293	0.114276425
828.8655293	0.114299433
828.8655293	0.114322441
828.8655293	0.114345448
828.8655293	0.114368456
828.8655293	0.114391464
828.8655293	0.114414471
828.8655293	0.114437479
828.8655293	0.114460487
828.8655293	0.114483494
828.8655293	0.114506502
828.8655293	0.11452951
828.8655293	0.114552518
828.8655293	0.114575525
828.0993927	0.114598533
828.0993927	0.114621541
828.0993927	0.114644548
828.0993927	0.114667556
828.0993927	0.114690564
828.0993927	0.114713571
828.0993927	0.114736579
828.0993927	0.114759587
823.5174214	0.114782594
823.5174214	0.114805602
823.5174214	0.11482861
823.5174214	0.114851617
823.5174214	0.114874625
823.5174214	0.114897633
823.5174214	0.11492064
823.5174214	0.114943648
823.5174214	0.114966656
822.7562281	0.114989663
822.7562281	0.115012671
822.7562281	0.115035679
822.7562281	0.115058686
822.7562281	0.115081694
822.7562281	0.115104702
822.7562281	0.115127709
822.7562281	0.115150717
822.7562281	0.115173725
822.7562281	0.115196732
818.2038211	0.11521974
818.2038211	0.115242748
818.2038211	0.115265755
818.2038211	0.115288763
818.2038211	0.115311771
818.2038211	0.115334778
818.2038211	0.115357786
818.2038211	0.115380794
818.2038211	0.115403801
818.2038211	0.115426809
817.4475393	0.115449817
817.4475393	0.115472824
817.4475393	0.115495832
817.4475393	0.11551884
817.4475393	0.115541847
817.4475393	0.115564855
817.4475393	0.115587863
817.4475393	0.11561087
817.4475393	0.115633878
817.4475393	0.115656886
817.4475393	0.115679893
817.4475393	0.115702901
812.9245059	0.115725909
812.9245059	0.115748916
812.9245059	0.115771924
812.9245059	0.115794932
812.9245059	0.115817939
812.9245059	0.115840947
812.9245059	0.115863955
812.9245059	0.115886962
812.9245059	0.11590997
812.9245059	0.115932978
812.9245059	0.115955985
812.9245059	0.115978993
812.1731039	0.116002001
812.1731039	0.116025008
812.1731039	0.116048016
812.1731039	0.116071024
812.1731039	0.116094031
812.1731039	0.116117039
812.1731039	0.116140047
812.1731039	0.116163054
812.1731039	0.116186062
812.1731039	0.11620907
812.1731039	0.116232077
812.1731039	0.116255085
807.6792546	0.116278093
807.6792546	0.1163011
807.6792546	0.116324108
807.6792546	0.116347116
807.6792546	0.116370123
807.6792546	0.116393131
807.6792546	0.116416139
807.6792546	0.116439146
807.6792546	0.116462154
807.6792546	0.116485162
807.6792546	0.116508169
807.6792546	0.116531177
807.6792546	0.116554185
807.6792546	0.116577192
807.6792546	0.1166002
807.6792546	0.116623208
806.9327009	0.116646215
806.9327009	0.116669223
803.2102703	0.116692231
803.2102703	0.116715238
803.2102703	0.116738246
803.2102703	0.116761254
803.2102703	0.116784261
803.2102703	0.116807269
803.2102703	0.116830277
803.2102703	0.116853284
803.2102703	0.116876292
803.2102703	0.1168993
802.4678473	0.116922307
802.4678473	0.116945315
802.4678473	0.116968323
802.4678473	0.11699133
802.4678473	0.117014338
802.4678473	0.117037346
802.4678473	0.117060353
802.4678473	0.117083361
802.4678473	0.117106369
802.4678473	0.117129376
802.4678473	0.117152384
802.4678473	0.117175392
802.4678473	0.117198399
802.4678473	0.117221407
802.4678473	0.117244415
802.4678473	0.117267422
798.0276984	0.11729043
798.0276984	0.117313438
798.0276984	0.117336445
798.0276984	0.117359453
798.0276984	0.117382461
798.0276984	0.117405468
798.0276984	0.117428476
798.0276984	0.117451484
798.0276984	0.117474491
798.0276984	0.117497499
798.0276984	0.117520507
798.0276984	0.117543515
798.0276984	0.117566522
798.0276984	0.11758953
798.0276984	0.117612538
798.0276984	0.117635545
798.0276984	0.117658553
798.0276984	0.117681561
797.2900658	0.117704568
797.2900658	0.117727576
797.2900658	0.117750584
797.2900658	0.117773591
793.6121172	0.117796599
793.6121172	0.117819607
793.6121172	0.117842614
793.6121172	0.117865622
793.6121172	0.11788863
793.6121172	0.117911637
793.6121172	0.117934645
793.6121172	0.117957653
793.6121172	0.11798066
793.6121172	0.118003668
793.6121172	0.118026676
793.6121172	0.118049683
793.6121172	0.118072691
793.6121172	0.118095699
793.6121172	0.118118706
793.6121172	0.118141714
792.878566	0.118164722
792.878566	0.118187729
792.878566	0.118210737
792.878566	0.118233745
792.878566	0.118256752
792.878566	0.11827976
792.878566	0.118302768
789.2209681	0.118325775
789.2209681	0.118348783
789.2209681	0.118371791
789.2209681	0.118394798
789.2209681	0.118417806
789.2209681	0.118440814
789.2209681	0.118463821
789.2209681	0.118486829
789.2209681	0.118509837
789.2209681	0.118532844
789.2209681	0.118555852
789.2209681	0.11857886
789.2209681	0.118601867
789.2209681	0.118624875
789.2209681	0.118647883
788.4914757	0.11867089
788.4914757	0.118693898
788.4914757	0.118716906
788.4914757	0.118739913
788.4914757	0.118762921
788.4914757	0.118785929
788.4914757	0.118808936
788.4914757	0.118831944
788.4914757	0.118854952
784.8541156	0.118877959
784.8541156	0.118900967
784.8541156	0.118923975
784.8541156	0.118946982
784.8541156	0.11896999
784.8541156	0.118992998
784.8541156	0.119016005
784.8541156	0.119039013
784.8541156	0.119062021
784.8541156	0.119085028
784.8541156	0.119108036
784.8541156	0.119131044
784.8541156	0.119154051
784.8541156	0.119177059
784.8541156	0.119200067
784.8541156	0.119223074
784.8541156	0.119246082
784.8541156	0.11926909
784.1286596	0.119292097
784.1286596	0.119315105
781.2335349	0.119338113
781.2335349	0.11936112
784.1286596	0.119384128
781.2335349	0.119407136
781.2335349	0.119430143
781.2335349	0.119453151
781.2335349	0.119476159
780.5114255	0.119499166
780.5114255	0.119522174
780.5114255	0.119545182
780.5114255	0.119568189
780.5114255	0.119591197
780.5114255	0.119614205
780.5114255	0.119637212
780.5114255	0.11966022
780.5114255	0.119683228
780.5114255	0.119706235
780.5114255	0.119729243
780.5114255	0.119752251
780.5114255	0.119775258
780.5114255	0.119798266
780.5114255	0.119821274
780.5114255	0.119844281
780.5114255	0.119867289
776.9108779	0.119890297
776.9108779	0.119913304
776.9108779	0.119936312
776.9108779	0.11995932
776.9108779	0.119982327
776.9108779	0.120005335
776.9108779	0.120028343
776.9108779	0.12005135
776.9108779	0.120074358
776.9108779	0.120097366
776.9108779	0.120120373
776.9108779	0.120143381
776.9108779	0.120166389
776.9108779	0.120189396
776.9108779	0.120212404
776.9108779	0.120235412
776.9108779	0.120258419
776.192764	0.120281427
776.192764	0.120304435
776.192764	0.120327442
776.192764	0.12035045
776.192764	0.120373458
776.192764	0.120396465
776.192764	0.120419473
776.192764	0.120442481
776.192764	0.120465488
776.192764	0.120488496
776.192764	0.120511504
773.3269398	0.120534512
773.3269398	0.120557519
773.3269398	0.120580527
773.3269398	0.120603535
773.3269398	0.120626542
772.6121386	0.12064955
772.6121386	0.120672558
772.6121386	0.120695565
772.6121386	0.120718573
772.6121386	0.120741581
772.6121386	0.120764588
772.6121386	0.120787596
772.6121386	0.120810604
772.6121386	0.120833611
772.6121386	0.120856619
772.6121386	0.120879627
772.6121386	0.120902634
772.6121386	0.120925642
772.6121386	0.12094865
772.6121386	0.120971657
772.6121386	0.120994665
772.6121386	0.121017673
772.6121386	0.12104068
772.6121386	0.121063688
772.6121386	0.121086696
769.0480309	0.121109703
769.0480309	0.121132711
769.0480309	0.121155719
769.0480309	0.121178726
769.0480309	0.121201734
769.0480309	0.121224742
769.0480309	0.121247749
769.0480309	0.121270757
769.0480309	0.121293765
769.0480309	0.121316772
769.0480309	0.12133978
769.0480309	0.121362788
769.0480309	0.121385795
769.0480309	0.121408803
769.0480309	0.121431811
769.0480309	0.121454818
769.0480309	0.121477826
769.0480309	0.121500834
769.0480309	0.121523841
769.0480309	0.121546849
769.0480309	0.121569857
769.0480309	0.121592864
768.3371848	0.121615872
768.3371848	0.12163888
768.3371848	0.121661887
765.5003647	0.121684895
765.5003647	0.121707903
765.5003647	0.12173091
765.5003647	0.121753918
765.5003647	0.121776926
765.5003647	0.121799933
765.5003647	0.121822941
765.5003647	0.121845949
765.5003647	0.121868956
765.5003647	0.121891964
765.5003647	0.121914972
765.5003647	0.121937979
765.5003647	0.121960987
765.5003647	0.121983995
765.5003647	0.122007002
765.5003647	0.12203001
765.5003647	0.122053018
765.5003647	0.122076025
765.5003647	0.122099033
765.5003647	0.122122041
764.7927977	0.122145048
764.7927977	0.122168056
764.7927977	0.122191064
764.7927977	0.122214071
764.7927977	0.122237079
761.969064	0.122260087
761.969064	0.122283094
761.969064	0.122306102
761.969064	0.12232911
761.969064	0.122352117
761.969064	0.122375125
761.969064	0.122398133
761.969064	0.12242114
761.969064	0.122444148
761.969064	0.122467156
761.969064	0.122490163
761.969064	0.122513171
761.969064	0.122536179
761.969064	0.122559186
761.969064	0.122582194
761.969064	0.122605202
761.969064	0.122628209
761.969064	0.122651217
761.969064	0.122674225
761.969064	0.122697232
761.969064	0.12272024
761.969064	0.122743248
761.969064	0.122766255
761.2647611	0.122789263
759.155756	0.122812271
759.155756	0.122835278
759.155756	0.122858286
759.155756	0.122881294
759.155756	0.122904301
759.155756	0.122927309
759.155756	0.122950317
758.4540535	0.122973324
758.4540535	0.122996332
758.4540535	0.12301934
758.4540535	0.123042347
758.4540535	0.123065355
758.4540535	0.123088363
758.4540535	0.12311137
758.4540535	0.123134378
758.4540535	0.123157386
758.4540535	0.123180393
758.4540535	0.123203401
758.4540535	0.123226409
758.4540535	0.123249416
758.4540535	0.123272424
758.4540535	0.123295432
758.4540535	0.123318439
758.4540535	0.123341447
758.4540535	0.123364455
758.4540535	0.123387462
755.6537234	0.12341047
755.6537234	0.123433478
755.6537234	0.123456485
755.6537234	0.123479493
755.6537234	0.123502501
755.6537234	0.123525509
755.6537234	0.123548516
755.6537234	0.123571524
755.6537234	0.123594532
755.6537234	0.123617539
755.6537234	0.123640547
755.6537234	0.123663555
755.6537234	0.123686562
755.6537234	0.12370957
755.6537234	0.123732578
755.6537234	0.123755585
754.9552579	0.123778593
754.9552579	0.123801601
754.9552579	0.123824608
754.9552579	0.123847616
754.9552579	0.123870624
754.9552579	0.123893631
754.9552579	0.123916639
754.9552579	0.123939647
754.9552579	0.123962654
754.9552579	0.123985662
754.9552579	0.12400867
754.9552579	0.124031677
754.9552579	0.124054685
754.9552579	0.124077693
752.8637326	0.1241007
752.1678459	0.124123708
752.1678459	0.124146716
752.1678459	0.124169723
752.1678459	0.124192731
752.1678459	0.124215739
752.1678459	0.124238746
752.1678459	0.124261754
752.1678459	0.124284762
752.1678459	0.124307769
752.1678459	0.124330777
752.1678459	0.124353785
752.1678459	0.124376792
752.1678459	0.1243998
752.1678459	0.124422808
752.1678459	0.124445815
752.1678459	0.124468823
752.1678459	0.124491831
752.1678459	0.124514838
752.1678459	0.124537846
752.1678459	0.124560854
752.1678459	0.124583861
752.1678459	0.124606869
752.1678459	0.124629877
752.1678459	0.124652884
749.3907255	0.124675892
749.3907255	0.1246989
749.3907255	0.124721907
749.3907255	0.124744915
749.3907255	0.124767923
749.3907255	0.12479093
749.3907255	0.124813938
749.3907255	0.124836946
749.3907255	0.124859953
749.3907255	0.124882961
749.3907255	0.124905969
749.3907255	0.124928976
749.3907255	0.124951984
749.3907255	0.124974992
749.3907255	0.124997999
749.3907255	0.125021007
749.3907255	0.125044015
749.3907255	0.125067022
749.3907255	0.12509003
749.3907255	0.125113038
748.698049	0.125136045
748.698049	0.125159053
748.698049	0.125182061
748.698049	0.125205068
748.698049	0.125228076
748.698049	0.125251084
748.698049	0.125274091
746.6238587	0.125297099
746.6238587	0.125320107
746.6238587	0.125343114
746.6238587	0.125366122
746.6238587	0.12538913
746.6238587	0.125412137
746.6238587	0.125435145
746.6238587	0.125458153
746.6238587	0.12548116
746.6238587	0.125504168
746.6238587	0.125527176
746.6238587	0.125550183
746.6238587	0.125573191
746.6238587	0.125596199
746.6238587	0.125619206
746.6238587	0.125642214
745.9337397	0.125665222
745.9337397	0.125688229
745.9337397	0.125711237
745.9337397	0.125734245
745.9337397	0.125757252
745.9337397	0.12578026
745.9337397	0.125803268
745.9337397	0.125826275
745.9337397	0.125849283
745.9337397	0.125872291
745.9337397	0.125895298
745.9337397	0.125918306
745.9337397	0.125941314
745.9337397	0.125964321
745.9337397	0.125987329
743.8672075	0.126010337
743.8672075	0.126033344
743.8672075	0.126056352
743.8672075	0.12607936
743.8672075	0.126102367
743.8672075	0.126125375
743.8672075	0.126148383
743.8672075	0.12617139
743.8672075	0.126194398
743.8672075	0.126217406
743.8672075	0.126240413
743.8672075	0.126263421
743.1796365	0.126286429
743.1796365	0.126309436
743.1796365	0.126332444
743.1796365	0.126355452
743.1796365	0.126378459
743.1796365	0.126401467
743.1796365	0.126424475
743.1796365	0.126447482
743.1796365	0.12647049
743.1796365	0.126493498
743.1796365	0.126516506
743.1796365	0.126539513
743.1796365	0.126562521
743.1796365	0.126585529
743.1796365	0.126608536
741.1207344	0.126631544
741.1207344	0.126654552
741.1207344	0.126677559
741.1207344	0.126700567
741.1207344	0.126723575
741.1207344	0.126746582
741.1207344	0.12676959
741.1207344	0.126792598
741.1207344	0.126815605
741.1207344	0.126838613
741.1207344	0.126861621
741.1207344	0.126884628
741.1207344	0.126907636
741.1207344	0.126930644
741.1207344	0.126953651
741.1207344	0.126976659
740.435702	0.126999667
740.435702	0.127022674
740.435702	0.127045682
740.435702	0.12706869
740.435702	0.127091697
740.435702	0.127114705
740.435702	0.127137713
740.435702	0.12716072
740.435702	0.127183728
740.435702	0.127206736
740.435702	0.127229743
740.435702	0.127252751
740.435702	0.127275759
740.435702	0.127298766
740.435702	0.127321774
738.3844016	0.127344782
738.3844016	0.127367789
738.3844016	0.127390797
738.3844016	0.127413805
738.3844016	0.127436812
738.3844016	0.12745982
738.3844016	0.127482828
738.3844016	0.127505835
738.3844016	0.127528843
738.3844016	0.127551851
738.3844016	0.127574858
738.3844016	0.127597866
738.3844016	0.127620874
738.3844016	0.127643881
738.3844016	0.127666889
738.3844016	0.127689897
738.3844016	0.127712904
738.3844016	0.127735912
738.3844016	0.12775892
738.3844016	0.127781927
737.7018985	0.127804935
737.7018985	0.127827943
737.7018985	0.12785095
737.7018985	0.127873958
737.7018985	0.127896966
737.7018985	0.127919973
737.7018985	0.127942981
737.7018985	0.127965989
737.7018985	0.127988996
736.3387842	0.128012004
735.6581718	0.128035012
735.6581718	0.128058019
735.6581718	0.128081027
735.6581718	0.128104035
735.6581718	0.128127042
735.6581718	0.12815005
735.6581718	0.128173058
735.6581718	0.128196065
735.6581718	0.128219073
735.6581718	0.128242081
735.6581718	0.128265088
735.6581718	0.128288096
735.6581718	0.128311104
735.6581718	0.128334111
735.6581718	0.128357119
735.6581718	0.128380127
735.6581718	0.128403134
735.6581718	0.128426142
735.6581718	0.12844915
735.6581718	0.128472157
735.6581718	0.128495165
735.6581718	0.128518173
735.6581718	0.12854118
735.6581718	0.128564188
735.6581718	0.128587196
735.6581718	0.128610203
735.6581718	0.128633211
733.6201071	0.128656219
733.6201071	0.128679226
733.6201071	0.128702234
733.6201071	0.128725242
733.6201071	0.128748249
733.6201071	0.128771257
733.6201071	0.128794265
733.6201071	0.128817272
733.6201071	0.12884028
733.6201071	0.128863288
733.6201071	0.128886295
733.6201071	0.128909303
733.6201071	0.128932311
733.6201071	0.128955318
733.6201071	0.128978326
733.6201071	0.129001334
733.6201071	0.129024341
732.9420077	0.129047349
732.9420077	0.129070357
732.9420077	0.129093364
732.9420077	0.129116372
732.9420077	0.12913938
732.9420077	0.129162387
732.9420077	0.129185395
732.9420077	0.129208403
732.9420077	0.12923141
732.9420077	0.129254418
732.9420077	0.129277426
732.9420077	0.129300433
732.9420077	0.129323441
732.9420077	0.129346449
732.9420077	0.129369456
732.9420077	0.129392464
731.5876886	0.129415472
731.5876886	0.129438479
730.9114678	0.129461487
730.9114678	0.129484495
730.9114678	0.129507503
730.9114678	0.12953051
730.9114678	0.129553518
730.9114678	0.129576526
730.9114678	0.129599533
730.9114678	0.129622541
730.9114678	0.129645549
730.9114678	0.129668556
730.9114678	0.129691564
730.9114678	0.129714572
730.9114678	0.129737579
730.9114678	0.129760587
730.9114678	0.129783595
730.9114678	0.129806602
730.9114678	0.12982961
730.9114678	0.129852618
730.9114678	0.129875625
730.9114678	0.129898633
730.9114678	0.129921641
730.9114678	0.129944648
730.9114678	0.129967656
730.9114678	0.129990664
730.9114678	0.130013671
730.9114678	0.130036679
730.9114678	0.130059687
728.8865534	0.130082694
728.8865534	0.130105702
728.8865534	0.13012871
728.8865534	0.130151717
728.8865534	0.130174725
728.8865534	0.130197733
728.8865534	0.13022074
728.8865534	0.130243748
728.8865534	0.130266756
728.8865534	0.130289763
728.8865534	0.130312771
728.8865534	0.130335779
728.8865534	0.130358786
728.8865534	0.130381794
728.8865534	0.130404802
728.8865534	0.130427809
728.8865534	0.130450817
728.8865534	0.130473825
728.8865534	0.130496832
728.8865534	0.13051984
728.8865534	0.130542848
728.8865534	0.130565855
728.8865534	0.130588863
728.8865534	0.130611871
728.8865534	0.130634878
728.8865534	0.130657886
728.8865534	0.130680894
728.8865534	0.130703901
728.2128293	0.130726909
728.2128293	0.130749917
728.2128293	0.130772924
726.8672487	0.130795932
726.8672487	0.13081894
726.8672487	0.130841947
726.8672487	0.130864955
726.8672487	0.130887963
726.8672487	0.13091097
726.8672487	0.130933978
726.8672487	0.130956986
726.8672487	0.130979993
726.8672487	0.131003001
726.8672487	0.131026009
726.8672487	0.131049016
726.8672487	0.131072024
726.8672487	0.131095032
726.8672487	0.131118039
726.8672487	0.131141047
726.8672487	0.131164055
726.8672487	0.131187062
726.8672487	0.13121007
726.8672487	0.131233078
726.8672487	0.131256085
726.8672487	0.131279093
726.8672487	0.131302101
726.8672487	0.131325108
726.1953911	0.131348116
726.1953911	0.131371124
726.1953911	0.131394131
726.1953911	0.131417139
726.1953911	0.131440147
726.1953911	0.131463154
726.1953911	0.131486162
726.1953911	0.13150917
724.8535383	0.131532177
724.8535383	0.131555185
724.8535383	0.131578193
724.8535383	0.1316012
724.8535383	0.131624208
724.8535383	0.131647216
724.8535383	0.131670223
724.8535383	0.131693231
724.8535383	0.131716239
724.8535383	0.131739246
724.8535383	0.131762254
724.8535383	0.131785262
724.8535383	0.131808269
724.8535383	0.131831277
724.8535383	0.131854285
724.8535383	0.131877292
724.8535383	0.1319003
724.8535383	0.131923308
724.8535383	0.131946315
724.8535383	0.131969323
724.8535383	0.131992331
724.8535383	0.132015338
724.8535383	0.132038346
724.183542	0.132061354
724.183542	0.132084361
724.183542	0.132107369
724.183542	0.132130377
724.183542	0.132153384
724.183542	0.132176392
724.183542	0.1321994
724.183542	0.132222407
724.183542	0.132245415
722.8454067	0.132268423
722.8454067	0.13229143
722.8454067	0.132314438
722.8454067	0.132337446
722.8454067	0.132360453
722.8454067	0.132383461
722.8454067	0.132406469
722.8454067	0.132429476
722.8454067	0.132452484
722.8454067	0.132475492
722.8454067	0.132498499
722.8454067	0.132521507
722.8454067	0.132544515
722.8454067	0.132567523
722.8454067	0.13259053
722.8454067	0.132613538
722.8454067	0.132636546
722.8454067	0.132659553
722.8454067	0.132682561
722.8454067	0.132705569
722.8454067	0.132728576
722.8454067	0.132751584
722.8454067	0.132774592
722.8454067	0.132797599
722.8454067	0.132820607
722.8454067	0.132843615
722.8454067	0.132866622
722.1772666	0.13288963
722.1772666	0.132912638
722.1772666	0.132935645
722.1772666	0.132958653
722.1772666	0.132981661
722.1772666	0.133004668
722.1772666	0.133027676
722.1772666	0.133050684
720.8428384	0.133073691
720.8428384	0.133096699
720.8428384	0.133119707
720.8428384	0.133142714
720.8428384	0.133165722
720.8428384	0.13318873
720.8428384	0.133211737
720.8428384	0.133234745
720.8428384	0.133257753
720.8428384	0.13328076
720.8428384	0.133303768
720.8428384	0.133326776
720.8428384	0.133349783
720.8428384	0.133372791
720.8428384	0.133395799
720.8428384	0.133418806
720.8428384	0.133441814
720.8428384	0.133464822
720.8428384	0.133487829
720.8428384	0.133510837
720.8428384	0.133533845
720.8428384	0.133556852
720.8428384	0.13357986
720.8428384	0.133602868
720.8428384	0.133625875
720.8428384	0.133648883
720.8428384	0.133671891
720.8428384	0.133694898
720.8428384	0.133717906
720.8428384	0.133740914
720.8428384	0.133763921
720.8428384	0.133786929
719.510876	0.133809937
719.510876	0.133832944
719.510876	0.133855952
719.510876	0.13387896
719.510876	0.133901967
719.510876	0.133924975
719.510876	0.133947983
719.510876	0.13397099
718.8458181	0.133993998
718.8458181	0.134017006
718.8458181	0.134040013
718.8458181	0.134063021
718.8458181	0.134086029
718.8458181	0.134109036
718.8458181	0.134132044
718.8458181	0.134155052
718.8458181	0.134178059
718.8458181	0.134201067
718.8458181	0.134224075
718.8458181	0.134247082
718.8458181	0.13427009
718.8458181	0.134293098
718.8458181	0.134316105
718.8458181	0.134339113
718.8458181	0.134362121
718.8458181	0.134385128
718.8458181	0.134408136
718.8458181	0.134431144
718.8458181	0.134454151
718.8458181	0.134477159
718.8458181	0.134500167
718.8458181	0.134523174
718.8458181	0.134546182
717.5175457	0.13456919
717.5175457	0.134592197
717.5175457	0.134615205
717.5175457	0.134638213
717.5175457	0.13466122
717.5175457	0.134684228
717.5175457	0.134707236
717.5175457	0.134730243
717.5175457	0.134753251
717.5175457	0.134776259
717.5175457	0.134799266
717.5175457	0.134822274
717.5175457	0.134845282
717.5175457	0.134868289
717.5175457	0.134891297
717.5175457	0.134914305
717.5175457	0.134937312
717.5175457	0.13496032
717.5175457	0.134983328
717.5175457	0.135006335
717.5175457	0.135029343
717.5175457	0.135052351
717.5175457	0.135075358
717.5175457	0.135098366
717.5175457	0.135121374
717.5175457	0.135144381
717.5175457	0.135167389
716.8543302	0.135190397
716.8543302	0.135213404
716.8543302	0.135236412
716.8543302	0.13525942
716.8543302	0.135282427
716.8543302	0.135305435
716.8543302	0.135328443
716.8543302	0.13535145
716.8543302	0.135374458
716.1917278	0.135397466
716.1917278	0.135420473
716.1917278	0.135443481
716.1917278	0.135466489
716.1917278	0.135489496
715.5297377	0.135512504
715.5297377	0.135535512
715.5297377	0.13555852
715.5297377	0.135581527
715.5297377	0.135604535
715.5297377	0.135627543
715.5297377	0.13565055
715.5297377	0.135673558
715.5297377	0.135696566
715.5297377	0.135719573
715.5297377	0.135742581
715.5297377	0.135765589
715.5297377	0.135788596
715.5297377	0.135811604
715.5297377	0.135834612
715.5297377	0.135857619
715.5297377	0.135880627
715.5297377	0.135903635
715.5297377	0.135926642
715.5297377	0.13594965
715.5297377	0.135972658
715.5297377	0.135995665
715.5297377	0.136018673
715.5297377	0.136041681
715.5297377	0.136064688
715.5297377	0.136087696
715.5297377	0.136110704
715.5297377	0.136133711
715.5297377	0.136156719
715.5297377	0.136179727
715.5297377	0.136202734
714.2075928	0.136225742
714.2075928	0.13624875
714.2075928	0.136271757
714.2075928	0.136294765
714.2075928	0.136317773
714.2075928	0.13634078
714.2075928	0.136363788
714.2075928	0.136386796
714.2075928	0.136409803
714.2075928	0.136432811
714.2075928	0.136455819
714.2075928	0.136478826
714.2075928	0.136501834
714.2075928	0.136524842
714.2075928	0.136547849
714.2075928	0.136570857
714.2075928	0.136593865
714.2075928	0.136616872
714.2075928	0.13663988
714.2075928	0.136662888
714.2075928	0.136685895
714.2075928	0.136708903
714.2075928	0.136731911
714.2075928	0.136754918
714.2075928	0.136777926
714.2075928	0.136800934
714.2075928	0.136823941
714.2075928	0.136846949
714.2075928	0.136869957
714.2075928	0.136892964
714.2075928	0.136915972
714.2075928	0.13693898
714.2075928	0.136961987
713.5474368	0.136984995
712.8878909	0.137008003
712.8878909	0.13703101
712.8878909	0.137054018
712.8878909	0.137077026
712.8878909	0.137100033
712.8878909	0.137123041
712.8878909	0.137146049
712.8878909	0.137169056
712.8878909	0.137192064
712.8878909	0.137215072
712.8878909	0.137238079
712.8878909	0.137261087
712.8878909	0.137284095
712.8878909	0.137307102
712.8878909	0.13733011
712.8878909	0.137353118
712.8878909	0.137376125
712.8878909	0.137399133
712.8878909	0.137422141
712.8878909	0.137445148
712.8878909	0.137468156
712.8878909	0.137491164
712.8878909	0.137514171
712.2289547	0.137537179
712.2289547	0.137560187
712.2289547	0.137583194
712.2289547	0.137606202
712.2289547	0.13762921
712.2289547	0.137652217
712.2289547	0.137675225
712.2289547	0.137698233
712.2289547	0.13772124
712.2289547	0.137744248
712.2289547	0.137767256
712.2289547	0.137790263
712.2289547	0.137813271
712.2289547	0.137836279
711.5706275	0.137859286
711.5706275	0.137882294
711.5706275	0.137905302
711.5706275	0.137928309
711.5706275	0.137951317
711.5706275	0.137974325
711.5706275	0.137997332
711.5706275	0.13802034
711.5706275	0.138043348
711.5706275	0.138066355
711.5706275	0.138089363
711.5706275	0.138112371
711.5706275	0.138135378
711.5706275	0.138158386
710.9129089	0.138181394
710.9129089	0.138204401
710.9129089	0.138227409
710.9129089	0.138250417
710.9129089	0.138273424
710.9129089	0.138296432
710.9129089	0.13831944
710.9129089	0.138342447
710.9129089	0.138365455
710.9129089	0.138388463
710.9129089	0.13841147
710.9129089	0.138434478
710.9129089	0.138457486
710.9129089	0.138480493
710.9129089	0.138503501
710.9129089	0.138526509
710.9129089	0.138549517
710.9129089	0.138572524
710.9129089	0.138595532
710.9129089	0.13861854
710.9129089	0.138641547
710.9129089	0.138664555
710.2557982	0.138687563
710.2557982	0.13871057
710.2557982	0.138733578
710.2557982	0.138756586
710.2557982	0.138779593
710.2557982	0.138802601
710.2557982	0.138825609
710.2557982	0.138848616
710.2557982	0.138871624
710.2557982	0.138894632
710.2557982	0.138917639
709.5992949	0.138940647
709.5992949	0.138963655
709.5992949	0.138986662
709.5992949	0.13900967
709.5992949	0.139032678
709.5992949	0.139055685
709.5992949	0.139078693
709.5992949	0.139101701
709.5992949	0.139124708
709.5992949	0.139147716
709.5992949	0.139170724
709.5992949	0.139193731
709.5992949	0.139216739
709.5992949	0.139239747
709.5992949	0.139262754
709.5992949	0.139285762
709.5992949	0.13930877
709.5992949	0.139331777
709.5992949	0.139354785
709.5992949	0.139377793
709.5992949	0.1394008
709.5992949	0.139423808
709.5992949	0.139446816
709.5992949	0.139469823
709.5992949	0.139492831
709.5992949	0.139515839
708.9433984	0.139538846
708.9433984	0.139561854
708.9433984	0.139584862
708.9433984	0.139607869
708.9433984	0.139630877
708.9433984	0.139653885
708.9433984	0.139676892
708.9433984	0.1396999
708.9433984	0.139722908
708.9433984	0.139745915
708.9433984	0.139768923
708.9433984	0.139791931
708.9433984	0.139814938
708.2881081	0.139837946
708.2881081	0.139860954
708.2881081	0.139883961
708.2881081	0.139906969
708.2881081	0.139929977
708.2881081	0.139952984
708.2881081	0.139975992
708.2881081	0.139999
708.2881081	0.140022007
708.2881081	0.140045015
708.2881081	0.140068023
708.2881081	0.14009103
708.2881081	0.140114038
708.2881081	0.140137046
708.2881081	0.140160053
708.2881081	0.140183061
708.2881081	0.140206069
708.2881081	0.140229076
708.2881081	0.140252084
708.2881081	0.140275092
708.2881081	0.140298099
708.2881081	0.140321107
708.2881081	0.140344115
708.2881081	0.140367122
708.2881081	0.14039013
707.6334236	0.140413138
707.6334236	0.140436145
707.6334236	0.140459153
707.6334236	0.140482161
707.6334236	0.140505168
707.6334236	0.140528176
707.6334236	0.140551184
707.6334236	0.140574191
707.6334236	0.140597199
707.6334236	0.140620207
707.6334236	0.140643214
707.6334236	0.140666222
707.6334236	0.14068923
707.6334236	0.140712237
707.6334236	0.140735245
707.6334236	0.140758253
707.6334236	0.14078126
707.6334236	0.140804268
707.6334236	0.140827276
706.9793442	0.140850283
706.9793442	0.140873291
706.9793442	0.140896299
706.9793442	0.140919306
706.9793442	0.140942314
706.9793442	0.140965322
706.9793442	0.140988329
706.9793442	0.141011337
706.9793442	0.141034345
706.9793442	0.141057352
706.9793442	0.14108036
706.9793442	0.141103368
706.9793442	0.141126375
706.9793442	0.141149383
706.9793442	0.141172391
706.9793442	0.141195398
706.9793442	0.141218406
706.9793442	0.141241414
706.3258693	0.141264421
706.3258693	0.141287429
706.3258693	0.141310437
706.3258693	0.141333444
706.3258693	0.141356452
706.3258693	0.14137946
706.3258693	0.141402467
706.3258693	0.141425475
706.3258693	0.141448483
706.3258693	0.14147149
706.3258693	0.141494498
706.3258693	0.141517506
706.3258693	0.141540514
706.3258693	0.141563521
706.3258693	0.141586529
706.3258693	0.141609537
706.3258693	0.141632544
706.3258693	0.141655552
706.3258693	0.14167856
706.3258693	0.141701567
706.3258693	0.141724575
706.3258693	0.141747583
706.3258693	0.14177059
706.3258693	0.141793598
706.3258693	0.141816606
706.3258693	0.141839613
706.3258693	0.141862621
706.3258693	0.141885629
706.3258693	0.141908636
706.3258693	0.141931644
706.3258693	0.141954652
706.3258693	0.141977659
706.3258693	0.142000667
706.3258693	0.142023675
705.6729985	0.142046682
705.6729985	0.14206969
705.6729985	0.142092698
705.6729985	0.142115705
705.6729985	0.142138713
705.0207312	0.142161721
705.0207312	0.142184728
705.0207312	0.142207736
705.0207312	0.142230744
705.0207312	0.142253751
705.0207312	0.142276759
705.0207312	0.142299767
705.0207312	0.142322774
705.0207312	0.142345782
705.0207312	0.14236879
705.0207312	0.142391797
705.0207312	0.142414805
705.0207312	0.142437813
705.0207312	0.14246082
705.0207312	0.142483828
705.0207312	0.142506836
705.0207312	0.142529843
705.0207312	0.142552851
705.0207312	0.142575859
705.0207312	0.142598866
705.0207312	0.142621874
705.0207312	0.142644882
705.0207312	0.142667889
705.0207312	0.142690897
705.0207312	0.142713905
705.0207312	0.142736912
705.0207312	0.14275992
705.0207312	0.142782928
705.0207312	0.142805935
705.0207312	0.142828943
705.0207312	0.142851951
705.0207312	0.142874958
705.0207312	0.142897966
705.0207312	0.142920974
705.0207312	0.142943981
705.0207312	0.142966989
705.0207312	0.142989997
705.0207312	0.143013004
705.0207312	0.143036012
705.0207312	0.14305902
705.0207312	0.143082027
704.3690667	0.143105035
704.3690667	0.143128043
704.3690667	0.14315105
704.3690667	0.143174058
704.3690667	0.143197066
704.3690667	0.143220073
704.3690667	0.143243081
704.3690667	0.143266089
704.3690667	0.143289096
704.3690667	0.143312104
704.3690667	0.143335112
703.7180046	0.143358119
703.7180046	0.143381127
703.7180046	0.143404135
703.7180046	0.143427142
703.7180046	0.14345015
703.7180046	0.143473158
703.7180046	0.143496165
703.7180046	0.143519173
703.7180046	0.143542181
703.7180046	0.143565188
703.7180046	0.143588196
703.7180046	0.143611204
703.7180046	0.143634211
703.7180046	0.143657219
703.7180046	0.143680227
703.7180046	0.143703234
703.7180046	0.143726242
703.7180046	0.14374925
703.7180046	0.143772257
703.7180046	0.143795265
703.7180046	0.143818273
703.7180046	0.14384128
703.7180046	0.143864288
703.7180046	0.143887296
703.7180046	0.143910303
703.7180046	0.143933311
703.7180046	0.143956319
703.7180046	0.143979326
703.0675443	0.144002334
703.0675443	0.144025342
703.0675443	0.144048349
703.0675443	0.144071357
703.0675443	0.144094365
703.0675443	0.144117372
703.0675443	0.14414038
703.0675443	0.144163388
703.0675443	0.144186395
703.0675443	0.144209403
703.0675443	0.144232411
703.0675443	0.144255418
703.0675443	0.144278426
703.0675443	0.144301434
703.0675443	0.144324441
703.0675443	0.144347449
703.0675443	0.144370457
703.0675443	0.144393464
703.0675443	0.144416472
703.0675443	0.14443948
703.0675443	0.144462487
703.0675443	0.144485495
703.0675443	0.144508503
703.0675443	0.144531511
703.0675443	0.144554518
703.0675443	0.144577526
703.0675443	0.144600534
703.0675443	0.144623541
703.0675443	0.144646549
703.0675443	0.144669557
703.0675443	0.144692564
703.0675443	0.144715572
703.0675443	0.14473858
703.0675443	0.144761587
703.0675443	0.144784595
703.0675443	0.144807603
703.0675443	0.14483061
703.0675443	0.144853618
703.0675443	0.144876626
703.0675443	0.144899633
703.0675443	0.144922641
702.4176852	0.144945649
702.4176852	0.144968656
702.4176852	0.144991664
702.4176852	0.145014672
702.4176852	0.145037679
702.4176852	0.145060687
702.4176852	0.145083695
702.4176852	0.145106702
702.4176852	0.14512971
702.4176852	0.145152718
702.4176852	0.145175725
701.7684268	0.145198733
701.7684268	0.145221741
701.7684268	0.145244748
701.7684268	0.145267756
701.7684268	0.145290764
701.7684268	0.145313771
701.7684268	0.145336779
701.7684268	0.145359787
701.7684268	0.145382794
701.7684268	0.145405802
701.7684268	0.14542881
701.7684268	0.145451817
701.7684268	0.145474825
701.7684268	0.145497833
701.7684268	0.14552084
701.7684268	0.145543848
701.7684268	0.145566856
701.7684268	0.145589863
701.7684268	0.145612871
701.7684268	0.145635879
701.7684268	0.145658886
701.7684268	0.145681894
701.7684268	0.145704902
701.7684268	0.145727909
701.7684268	0.145750917
701.7684268	0.145773925
701.7684268	0.145796932
701.7684268	0.14581994
701.7684268	0.145842948
701.7684268	0.145865955
701.1197685	0.145888963
701.1197685	0.145911971
701.1197685	0.145934978
701.1197685	0.145957986
701.1197685	0.145980994
701.1197685	0.146004001
701.1197685	0.146027009
701.1197685	0.146050017
701.1197685	0.146073024
701.1197685	0.146096032
701.1197685	0.14611904
701.1197685	0.146142047
701.1197685	0.146165055
701.1197685	0.146188063
701.1197685	0.14621107
701.1197685	0.146234078
701.1197685	0.146257086
701.1197685	0.146280093
701.1197685	0.146303101
701.1197685	0.146326109
701.1197685	0.146349116
701.1197685	0.146372124
701.1197685	0.146395132
701.1197685	0.146418139
701.1197685	0.146441147
701.1197685	0.146464155
701.1197685	0.146487162
701.1197685	0.14651017
701.1197685	0.146533178
701.1197685	0.146556185
701.1197685	0.146579193
701.1197685	0.146602201
701.1197685	0.146625208
701.1197685	0.146648216
701.1197685	0.146671224
701.1197685	0.146694231
701.1197685	0.146717239
701.1197685	0.146740247
701.1197685	0.146763254
701.1197685	0.146786262
701.1197685	0.14680927
701.1197685	0.146832277
700.4717098	0.146855285
700.4717098	0.146878293
700.4717098	0.1469013
700.4717098	0.146924308
700.4717098	0.146947316
700.4717098	0.146970323
700.4717098	0.146993331
700.4717098	0.147016339
700.4717098	0.147039346
700.4717098	0.147062354
700.4717098	0.147085362
700.4717098	0.147108369
700.4717098	0.147131377
700.4717098	0.147154385
700.4717098	0.147177392
700.4717098	0.1472004
700.4717098	0.147223408
700.4717098	0.147246415
700.4717098	0.147269423
700.4717098	0.147292431
700.4717098	0.147315438
700.4717098	0.147338446
700.4717098	0.147361454
700.4717098	0.147384461
700.4717098	0.147407469
700.4717098	0.147430477
700.4717098	0.147453484
700.4717098	0.147476492
700.4717098	0.1474995
700.4717098	0.147522508
700.4717098	0.147545515
700.4717098	0.147568523
700.4717098	0.147591531
700.4717098	0.147614538
700.4717098	0.147637546
699.8242501	0.147660554
699.8242501	0.147683561
699.8242501	0.147706569
699.8242501	0.147729577
699.8242501	0.147752584
699.8242501	0.147775592
699.8242501	0.1477986
699.8242501	0.147821607
699.8242501	0.147844615
699.8242501	0.147867623
699.8242501	0.14789063
699.8242501	0.147913638
699.8242501	0.147936646
699.8242501	0.147959653
699.8242501	0.147982661
699.8242501	0.148005669
699.8242501	0.148028676
699.8242501	0.148051684
699.8242501	0.148074692
699.8242501	0.148097699
699.8242501	0.148120707
699.1773889	0.148143715
699.1773889	0.148166722
699.1773889	0.14818973
699.1773889	0.148212738
699.1773889	0.148235745
699.1773889	0.148258753
699.1773889	0.148281761
699.1773889	0.148304768
699.1773889	0.148327776
699.1773889	0.148350784
699.1773889	0.148373791
699.1773889	0.148396799
699.1773889	0.148419807
699.1773889	0.148442814
699.1773889	0.148465822
699.1773889	0.14848883
699.1773889	0.148511837
699.1773889	0.148534845
699.1773889	0.148557853
699.1773889	0.14858086
699.1773889	0.148603868
699.1773889	0.148626876
699.1773889	0.148649883
699.1773889	0.148672891
699.1773889	0.148695899
699.1773889	0.148718906
699.1773889	0.148741914
699.1773889	0.148764922
699.1773889	0.148787929
699.1773889	0.148810937
698.5311255	0.148833945
698.5311255	0.148856952
698.5311255	0.14887996
698.5311255	0.148902968
698.5311255	0.148925975
698.5311255	0.148948983
698.5311255	0.148971991
698.5311255	0.148994998
698.5311255	0.149018006
698.5311255	0.149041014
698.5311255	0.149064021
698.5311255	0.149087029
698.5311255	0.149110037
698.5311255	0.149133044
698.5311255	0.149156052
698.5311255	0.14917906
698.5311255	0.149202067
698.5311255	0.149225075
698.5311255	0.149248083
698.5311255	0.14927109
698.5311255	0.149294098
698.5311255	0.149317106
698.5311255	0.149340113
698.5311255	0.149363121
698.5311255	0.149386129
698.5311255	0.149409136
698.5311255	0.149432144
698.5311255	0.149455152
698.5311255	0.149478159
698.5311255	0.149501167
698.5311255	0.149524175
698.5311255	0.149547182
698.5311255	0.14957019
698.5311255	0.149593198
698.5311255	0.149616205
698.5311255	0.149639213
698.5311255	0.149662221
698.5311255	0.149685228
698.5311255	0.149708236
698.5311255	0.149731244
698.5311255	0.149754251
698.5311255	0.149777259
698.5311255	0.149800267
698.5311255	0.149823274
697.8854596	0.149846282
697.8854596	0.14986929
697.8854596	0.149892297
697.8854596	0.149915305
697.8854596	0.149938313
697.8854596	0.14996132
697.8854596	0.149984328
697.8854596	0.150007336
697.8854596	0.150030343
697.8854596	0.150053351
697.8854596	0.150076359
697.8854596	0.150099366
697.8854596	0.150122374
697.8854596	0.150145382
697.8854596	0.150168389
697.8854596	0.150191397
697.8854596	0.150214405
697.8854596	0.150237412
697.8854596	0.15026042
697.8854596	0.150283428
697.8854596	0.150306435
697.8854596	0.150329443
697.8854596	0.150352451
697.8854596	0.150375458
697.8854596	0.150398466
697.8854596	0.150421474
697.8854596	0.150444481
697.8854596	0.150467489
697.8854596	0.150490497
697.8854596	0.150513505
697.8854596	0.150536512
697.8854596	0.15055952
697.8854596	0.150582528
697.8854596	0.150605535
697.8854596	0.150628543
697.8854596	0.150651551
697.8854596	0.150674558
697.8854596	0.150697566
697.8854596	0.150720574
697.8854596	0.150743581
697.8854596	0.150766589
697.8854596	0.150789597
697.8854596	0.150812604
697.8854596	0.150835612
697.2403904	0.15085862
697.2403904	0.150881627
697.2403904	0.150904635
697.2403904	0.150927643
697.2403904	0.15095065
697.2403904	0.150973658
697.2403904	0.150996666
697.2403904	0.151019673
697.2403904	0.151042681
697.2403904	0.151065689
697.2403904	0.151088696
697.2403904	0.151111704
697.2403904	0.151134712
697.2403904	0.151157719
697.2403904	0.151180727
697.2403904	0.151203735
697.2403904	0.151226742
697.2403904	0.15124975
697.2403904	0.151272758
697.2403904	0.151295765
697.2403904	0.151318773
697.2403904	0.151341781
697.2403904	0.151364788
697.2403904	0.151387796
697.2403904	0.151410804
697.2403904	0.151433811
697.2403904	0.151456819
697.2403904	0.151479827
697.2403904	0.151502834
697.2403904	0.151525842
697.2403904	0.15154885
697.2403904	0.151571857
697.2403904	0.151594865
697.2403904	0.151617873
697.2403904	0.15164088
697.2403904	0.151663888
697.2403904	0.151686896
697.2403904	0.151709903
697.2403904	0.151732911
697.2403904	0.151755919
697.2403904	0.151778926
697.2403904	0.151801934
697.2403904	0.151824942
697.2403904	0.151847949
697.2403904	0.151870957
697.2403904	0.151893965
696.5959175	0.151916972
696.5959175	0.15193998
696.5959175	0.151962988
696.5959175	0.151985995
696.5959175	0.152009003
696.5959175	0.152032011
696.5959175	0.152055018
696.5959175	0.152078026
696.5959175	0.152101034
696.5959175	0.152124041
696.5959175	0.152147049
696.5959175	0.152170057
696.5959175	0.152193064
696.5959175	0.152216072
696.5959175	0.15223908
696.5959175	0.152262087
696.5959175	0.152285095
696.5959175	0.152308103
696.5959175	0.15233111
696.5959175	0.152354118
696.5959175	0.152377126
696.5959175	0.152400133
696.5959175	0.152423141
696.5959175	0.152446149
696.5959175	0.152469156
696.5959175	0.152492164
696.5959175	0.152515172
696.5959175	0.152538179
696.5959175	0.152561187
696.5959175	0.152584195
696.5959175	0.152607202
696.5959175	0.15263021
696.5959175	0.152653218
696.5959175	0.152676225
696.5959175	0.152699233
696.5959175	0.152722241
696.5959175	0.152745248
696.5959175	0.152768256
696.5959175	0.152791264
696.5959175	0.152814271
696.5959175	0.152837279
696.5959175	0.152860287
696.5959175	0.152883294
696.5959175	0.152906302
696.5959175	0.15292931
696.5959175	0.152952317
695.9520402	0.152975325
695.9520402	0.152998333
695.9520402	0.15302134
695.9520402	0.153044348
695.9520402	0.153067356
695.9520402	0.153090363
695.9520402	0.153113371
695.9520402	0.153136379
695.9520402	0.153159386
695.9520402	0.153182394
695.9520402	0.153205402
695.9520402	0.153228409
695.9520402	0.153251417
695.9520402	0.153274425
695.9520402	0.153297432
695.9520402	0.15332044
695.9520402	0.153343448
695.9520402	0.153366455
695.9520402	0.153389463
695.9520402	0.153412471
695.9520402	0.153435478
695.9520402	0.153458486
695.9520402	0.153481494
695.9520402	0.153504502
695.9520402	0.153527509
695.9520402	0.153550517
695.9520402	0.153573525
695.9520402	0.153596532
695.9520402	0.15361954
695.9520402	0.153642548
695.9520402	0.153665555
695.9520402	0.153688563
695.9520402	0.153711571
695.9520402	0.153734578
695.9520402	0.153757586
695.9520402	0.153780594
695.9520402	0.153803601
695.9520402	0.153826609
695.9520402	0.153849617
695.9520402	0.153872624
695.9520402	0.153895632
695.9520402	0.15391864
695.9520402	0.153941647
695.9520402	0.153964655
695.9520402	0.153987663
695.9520402	0.15401067
695.3087582	0.154033678
695.3087582	0.154056686
695.3087582	0.154079693
695.3087582	0.154102701
695.3087582	0.154125709
695.3087582	0.154148716
695.3087582	0.154171724
695.3087582	0.154194732
695.3087582	0.154217739
695.3087582	0.154240747
695.3087582	0.154263755
695.3087582	0.154286762
695.3087582	0.15430977
695.3087582	0.154332778
695.3087582	0.154355785
695.3087582	0.154378793
695.3087582	0.154401801
695.3087582	0.154424808
695.3087582	0.154447816
695.3087582	0.154470824
695.3087582	0.154493831
695.3087582	0.154516839
695.3087582	0.154539847
695.3087582	0.154562854
695.3087582	0.154585862
695.3087582	0.15460887
695.3087582	0.154631877
695.3087582	0.154654885
695.3087582	0.154677893
695.3087582	0.1547009
695.3087582	0.154723908
695.3087582	0.154746916
695.3087582	0.154769923
695.3087582	0.154792931
695.3087582	0.154815939
695.3087582	0.154838946
695.3087582	0.154861954
695.3087582	0.154884962
695.3087582	0.154907969
695.3087582	0.154930977
695.3087582	0.154953985
695.3087582	0.154976992
695.3087582	0.155
